0 37.6563 79.2591 69.3109 31.8277 66.4831 89.3756 34 74.2765 15.8114 52.4309 74.8131 59.6657 52.8394 36.7151 44.6878 88.3912 76.922 37.5766 58.8218 67.4166 68.469 58.3095 62.1289 12.6491 58.258 69.0652 76.5572 59.4643 50.01 62.2896 46.5725 39.3954 63.2535 59.4138 32.311 55.1725 33.1361 46.5188 26.4197 71.4703 35.7351 70.2922 61.0983 55.4437 17.2047 28.6356 64.2884 57.8014 81.0247 75.3923 69.029 27.7308 59.0762 42.0476 36.3593 33.121 43.1393 71.1758 26.1725 26.1725 70.8025 58.9406 42.0119 63.9766 54.5894 77.8203 32.8024 57.3847 34.1321 46.6905 85.9127 40.3113 24 40.3113 44.7772 72.4017 72.6705 76.4788 49.7393 52.8015 15.8114 62.0967 29.0689 48.3735 62.0322 91.9674 13.4536 46.0109 42.7551 41.1825 34.5398 59.3633 70.1783 66.0076 71.4213 52 15.6205 73.0821 45.0111 63.8122 22.8035 86.2148 35.1141 61.0574 13 42.2019 37.108 17.8885 59.439 36.0555 34.4819 41.7732 47.8017 47.5079 94.7523 58 73.2462 46.3249 1 50.9902 43.6578 73.5527 68.4471 36.6742 42.0595 69.029 76.9415 68.2642 56.3028 73.1095 82.0975 10.6301 71.6938 33.7343 60.208 74.4043 50.9902 35.3412 73.8241 11.1803 48.3322 70.406 49.0918 79.511 35.1141 48.9183 48.0521 54.8179 9.2195 46.2277 49.2443 45.3982 74.4312 18.868 17.0294 65.192 30.2655 55.0364 64.1405 75.0733 58.7963 87.9659 75.5844 37.5766 39.8121 61.6117 64.8845 71.8679 49.4065 84.6463 87 53.1413 59.8164 34.2053 18.868 55.0364 82.0366 61.6117 82.134 69.9714 41.7253 49.7695 50.0899 49.6488 51.8941 75.6902 79.7559 42.8019 92.0217 79.177 70.9366 52.4786 69.3542 60.6383 76.4788 21.3776 24.6982 54.8179 64.0078 69.6419 
37.6563 0 62.0322 56.5155 66.1891 55.7315 112.8982 42.5441 49.0408 50.1597 76.0592 57.3847 95.2575 74.0945 25.4951 77.6981 61.327 62.0725 23.1948 89.1852 82.807 31.0161 92.228 93.0054 41.3038 52 32.249 77.2334 65.2534 87.367 69.814 9.434 60.4152 95.2103 68.1175 33.9706 47.0106 70.1142 66.888 60.2993 62.8172 48.5489 47.676 98.3717 42.4264 47.5184 65.8027 99.5038 29.4109 73.6817 48.1041 33.2415 52.2015 42.19 79.0569 42.0476 64.0703 71.7844 104.3456 44.2832 38.9487 64.195 72.1388 33.2415 65.7647 92.228 52.6308 37.1214 45.3982 5 81.0062 117.4436 68.884 40.7185 73.1642 51.6236 54.037 102.7862 41.7732 32.5576 57.0088 22.0907 97.4166 57.9741 70.3278 99.3277 76.1577 28.1603 54.4518 80.4114 63.9531 45.793 28.178 87.7097 103.1746 97.9439 89.2749 49.0918 85.6329 53.7401 85.1469 25.4951 108.7244 6.4031 82.3772 37.4833 79.8311 62.9682 53.0094 69.2892 73.171 37.4833 44.6878 10.8167 79.8311 67.082 49.0918 64.6297 61.2209 36.6742 21.4009 40.4969 48.0833 30.8058 9.8489 79.555 32.3883 108.9312 74.6324 92.1954 57.2451 61.4003 32.2025 73.5527 4 82.201 96.7988 45.0999 57.6975 38.4187 42.107 85.3815 80.2808 12.6491 113.8771 36.0694 25 71.5891 17.4642 28.4429 43.7379 85.7963 57.3847 103.2763 21.2132 32.8024 30.4631 55.2268 32.6956 84.8764 64.3273 32.7567 58.3095 92.8493 74.6324 2.2361 92.6175 93.3809 35.5106 22.2036 54.3783 59.0339 28.178 84.119 70.0286 52.3259 20.1246 107.4244 91.7061 114.4028 67.0075 23.0868 55.9732 58.7282 80.8022 18.0278 109.2932 45.9674 75.1665 116.2841 106.7942 108.1573 39.2938 102.0784 72.8354 75.0267 43.3244 21.2603 84.4334 80.5295 59.2284 
79.2591 62.0322 0 117.516 110.3857 117.2092 97.0052 101.6366 19.2094 95.0158 73.736 116.7262 111.5078 68.9493 87.2812 123.422 23.7697 5 85.1469 93.7763 63.2851 67.5426 104.2017 97.4987 71.4003 114.0175 72.4983 139.23 126.4358 113.2299 45.5412 57.3149 64.1405 142.0035 47.0744 47.4342 109.0046 97.6729 64.8845 83.5464 17.0294 106.738 16.1555 132.2762 104.0769 73.6614 103.8557 113.6002 34.7131 135.2368 101.8332 77.0779 67.3573 20.8806 116.1809 101.9804 112.3788 80.1311 111.4271 60.1082 56.0803 126.0357 55.3173 95.1893 127.5657 120.7394 107.5639 96.8814 107.0747 66.1891 124.6194 164.5023 119.4194 59.5483 88.7525 111.9866 8 102.8834 44.6878 94.0851 118.2286 68.352 112.2943 74.6525 68.542 133.0038 134.937 66.1891 46.1411 111.7587 67.6018 104.2929 38.6005 145.7978 125.096 91.9837 114.2016 77.9872 60.0083 46.6476 74.5252 56.7979 92.0054 57.3149 73.0068 68.2422 112.4322 115.4513 82.134 129.6341 100.5684 46.2277 41.7732 56.4358 91.7878 28.0713 111.0045 126.1943 55.4617 78.7718 79.7621 36.8782 20 61.7171 53.3385 113.864 73.4098 111.9732 45.0111 131.8939 117.2391 118.6002 82.0792 135.4474 62.2896 137.7861 83.4865 107.1168 65.4599 47.2017 73.6003 121.6963 53 66.7533 156.205 45 37.054 125.9246 56.7539 73.4098 105.4751 123.9879 51 153.6815 63.3246 86.6487 78.4347 107.9352 92.6553 73.3485 125.4831 30.4138 30.4631 72.0069 112.0446 61 140.6627 144.1388 51.3128 40.0125 31.3847 25.632 87.6926 79.1202 93.723 98.1122 72.7805 96.5194 94.921 160.4244 129.0349 41 116.7262 46.0977 128.7983 47.676 153.2221 41.7253 121.7949 101.005 158.4203 141.598 26.8328 147.6347 53.9351 137.0584 64.4438 79.6241 89.1572 138.8848 14.5602 
69.3109 56.5155 117.516 0 76.2168 4 158.4929 38.4708 102.0049 68.6003 121.1652 9.2195 124.5311 120.8801 34.9857 80.2309 111.6468 118.0889 35.7771 127.7811 133.4054 58.8218 125.3635 130.874 80.7217 13.3417 54.4243 29.0689 31.0483 110.4943 123.4342 60.208 106.827 90.0056 121.2353 86.764 14.4222 97.4166 114.0175 95.1315 119.3315 41.4367 102.1225 110.1136 14.7648 86.2786 84.0952 129.4952 83.0963 18.2483 28.2843 49.7695 95.7758 98.4784 92.9731 35.3553 68.6804 112.45 138.398 91.022 87.6641 12.0416 123.4909 27.8029 25.0799 111.4271 24.4131 37.2022 12.2066 53.4509 85.5102 106.5317 66.9104 87.6584 108.8531 32.7567 109.5536 141.4956 84.9294 24.0416 28 63.5138 127.2635 98.2904 116.5161 111.0856 22.6716 71.0282 106.9439 100.3195 109.3435 40.3113 80 59.2368 125.9246 140.7302 112.7298 84.8999 137.7135 106.066 132.1363 75.1798 155.129 62.3618 129.3213 78.8733 98.6154 60.208 86.5563 38.3275 99.4786 90.3383 98.4124 61.131 116.0388 116.2497 11.6619 9.8489 111.2205 68.593 38 95.6347 101.005 64.2884 66.2193 96.566 53.4883 144.8447 128.8099 98.4784 6.0828 18.1108 58.6941 28.4253 57.5674 62.9682 143.1782 18.868 103.0776 80.8084 79.9312 98.0816 133.3604 51.0098 111.0405 89.4707 81.0494 60.0083 62.0725 64.6607 24.1868 96.0469 108.5587 89.4427 67.2309 52.4023 45.5412 56.921 25 132.28 8 87.2067 106.3673 142.6359 89.8888 57.0701 86.0233 81.4985 75.9276 77.6466 102.2595 108.7796 30 128.8177 100.6876 68 46.2709 151.3209 130.5986 105.8017 18.4391 79.555 31.0644 111.4136 78.3135 70.0643 105.0762 90.0278 77.2787 161.2452 89.7385 118.0678 95.8019 97.0464 124.6796 25 87.6185 47.4342 123.9879 53.4509 115.7325 
31.8277 66.1891 110.3857 76.2168 0 72.45 97.8621 38.6394 106.1037 16.4012 66.4831 84.2021 51.6236 69.1158 54.231 13.0384 120.2165 107.7033 56.4358 62.6498 86.0233 95.1893 55.2178 64.4127 39.3573 62.9682 94.6414 70.8378 53.4135 35.609 86.4928 75.591 59.3043 31.6228 83.3607 62.9682 62.3618 28.2312 65.0308 36.0139 101.0792 34.7851 102.0686 35.0143 66.0984 38.8973 11.7047 56.5685 89.3756 81.3019 92.1358 93.3916 49.0306 90.6035 16.7631 41.7732 8.4853 53.7587 67.4759 52.5547 55.0091 72.4707 80.3057 55.0818 60.2163 35.3412 92.6553 42.107 66.7083 61.7414 15 54.2033 15.2315 51.8941 44.9222 43.8634 103.8123 74.4312 107.0701 65.0308 50.6063 46.4004 54.4518 45.0999 65.0308 36.0139 97.5756 45.2769 72.1249 25 59.0339 36.1386 90.6035 49.98 50.1199 78.5493 37.8021 34.4819 93.0054 71.1688 77.9295 54.5619 96.1353 65.192 75.6637 42.19 23.0217 18.3848 31.5753 49.4975 28.6531 64.4981 70.6824 76.9415 50.6952 126.5741 64.846 76.0263 68.884 32.5269 73.1642 73.9256 105.3803 96.3846 67.424 20.5913 94.3716 74.8131 92.3959 26.2488 81.6088 92.8924 34 65.9469 62.6498 37.3631 85.8662 57.9741 55.4437 104.1009 37.1214 22.2036 92.3472 75.6108 48.0104 65.5134 80.6598 26.8328 83.6301 39.8246 52.6308 21.0238 69.857 44.0114 50.3289 34.4819 88.8426 19.3132 72 78.7718 79.2023 90.5539 119.6704 91.6624 13.8924 68.4251 30.4138 35.171 101.5972 80.9197 116.2755 118.8024 72.1734 71.5891 33.8378 13.8924 79.8123 89.1572 65.307 50.3289 68.7968 73.5391 47.0106 75.4321 18.9737 82.3772 43.9318 110.6797 11.7047 99.4032 49.3356 44.1022 83.8153 37.5366 82.3893 72.6223 47.5395 47.1275 60.7454 46.0652 99.7647 
66.4831 55.7315 117.2092 4 72.45 0 155.7947 34.9857 102.1225 65.192 118.5622 13.1529 121.0785 118.4061 33.1059 76.2955 112.1472 117.6138 34.176 124.7397 131.2288 60.1664 122.0656 127.7811 78.1025 9.4868 55.9464 26.6271 27.2029 106.8878 121.6717 60.0083 104.4031 86.0058 119.4069 85.0882 11.3137 94.0319 111.6065 92.0978 118.4567 37.6962 102.0049 106.2309 13.3417 83.5464 80.4984 126.0516 83 18.0278 31.241 51.4296 93.2363 97.8673 89.1964 31.9061 64.846 109.6038 135.0926 88.7525 85.5862 9.8489 121.4331 25.5539 21.4709 107.7033 27.7849 34.0588 10.4403 52.3927 81.5843 102.5914 62.9682 85.44 105.7592 28.8617 109.2245 138.4088 85.8662 23.1948 24 61.4003 123.8225 95.5249 114.0175 107.2007 25.807 68.7968 105.0952 96.6644 106.827 36.6742 80.0999 55.5428 122.2497 137.8876 109.1238 82.0244 135.6945 104.2017 129.6302 73.3485 152.5025 61.3922 126.8227 76.4003 94.9368 56.2939 83.5464 34.4819 96.0417 88.6397 96.7729 61 112.9292 116.9017 8.4853 9 109.078 65.7951 38.2099 94.2444 101.1237 65.4599 65.307 92.8493 55.0364 141.6051 127.122 94.541 10.0499 22.0907 55.9017 25.4558 56.5155 59.0339 140.5845 15.6205 100.6032 81.7435 77.2334 94.255 131.4876 51.0882 107.042 87.8465 80.5047 56.0089 62.3939 62.2013 20.8087 92.1792 106.5505 85.5102 65.2993 49.4975 47.0106 53.1413 25.318 129.8075 8.9443 87.023 107.0794 140.346 86.1626 56.4358 82.0244 77.5242 76.922 77.2334 102.9612 109.3298 30.2655 126.1507 97.4166 64.4981 46.8722 148.5194 127.5617 101.8332 15.6205 78.6448 27.074 109.5673 74.3303 70.0071 101.0792 90.956 73.3485 158.4929 85.8662 114.1403 94.921 93.0484 122.6744 22.8254 85.2115 45.2769 121.0165 49.6488 114.9348 
89.3756 112.8982 97.0052 158.4929 97.8621 155.7947 0 122.8007 109.8954 94.6678 37.5366 163.3554 54 38.833 124.4829 106.0424 120.1041 92.0054 124.5793 35.4401 34.3657 139.5564 46.1736 34.5254 77.7946 147.6279 142.6674 164.2102 146.4923 69.4622 52.345 117.2391 52.8015 118.3765 51.788 79.6492 144.4991 69.6419 46.0435 65.192 80 123.1463 103.9471 90.0056 144.2567 72.2496 86.1626 51.1566 109.11 170.2381 160 145.0138 62.9682 92.9624 88.295 125.4193 105.7024 46.6154 39.6232 69.2026 74.0608 160.0781 44.3847 130.832 151.9901 76.1052 163.6704 122.1475 146.4138 112.6455 102.8397 134.0336 113.0885 72.8011 53.2259 132.8796 97.2522 27.074 130.2498 137.2953 140.9113 96.4261 52.0384 60.3075 42.8019 90 181.069 88.6172 61.0983 77.666 49.679 122.6418 113.842 147.8276 67.4759 19.3132 68.2642 74.027 37.054 61.4654 27.7849 87.6584 5 106.8504 30.5287 79.9312 79.8311 114.9652 73.2393 144.6271 69.5701 76.4788 71.3092 117.6478 47.1699 125.004 147.3228 162.6069 52.3259 90.0278 133.2216 77.8332 110.0273 136.1653 104.8094 82.9759 143.1258 33.5261 52 99.6092 161.929 169.9176 99.905 159.2231 109.5536 135.0741 16.1245 140.3567 56.0803 130.361 78.5684 89.1067 44.0114 125.1958 119.0378 78.2624 101.5923 124.6154 123.4382 94.0479 135.5913 93.2148 56.8595 133.5066 94.0213 106.4049 143.0315 111.8928 141.2268 28.178 164.4384 106.0424 125.4831 25 87.3613 114.057 120.0333 127.8828 131.8674 105.4751 124.904 121.2642 138.058 29.6985 64.0781 96.7471 132.9248 9.0554 32.9848 129.0349 158.8081 96.2549 137.5682 57.8705 113.0531 114.6342 120.0375 130.05 106.9018 4 139.5887 94.3398 88.0568 119.5073 44.911 164.7574 71.5891 111.7587 37.1618 143.7811 83.0542 
34 42.5441 101.6366 38.4708 38.6394 34.9857 122.8007 0 91 30.2324 86.2844 45.8803 86.093 86.8332 20 45.1774 103.7545 100.6231 22.8035 90.5097 101.2373 64.405 87.2009 93.3809 46.5188 25.807 62.434 42.72 26.3059 72.0902 94.5939 51.0392 73.3485 59.1354 91.9239 60.1332 24.1661 59.0762 80.4984 58.0517 98.1835 6.4031 88.8651 73.437 27.4591 51.1077 45.6946 91.0659 71.5891 47.5079 54.037 59.9416 61.7171 80.8084 55.3173 3.1623 32.0156 76.2168 100.2098 59.1354 57.4891 37.4833 92.358 17.4642 30.0832 73.3757 54.1479 5.6569 28.1603 37.5899 50.04 79.6053 32.7567 56.3205 71.4213 11.1803 93.8616 104.0048 83.2406 27.4591 18.9737 35.0143 88.8369 62.6817 82.365 74.4312 60.7454 40.6079 77.8781 62.0322 75.1798 3.6056 70.7107 45.1774 87.6641 104.3504 74.3236 48.8262 106.6255 76.9025 97.7548 48.0416 119.8541 45.31 95.0158 45.8803 60.407 25.7099 49.679 28.1603 61.0574 63.2851 71.4493 52.4309 78.5175 109.5901 26.8328 40.3609 79.712 33.541 39.4462 71.007 90.0777 67.3573 49.0408 58.5235 61.9112 106.827 100.439 63.0079 43.4626 54.4059 24.3516 37.9473 40.7185 40.3113 108.1665 19.6977 69.3181 79.511 45.1774 60.8276 103.4456 46.669 79.8123 63.1269 65.4599 31.0644 57.4891 32.7567 14.3178 59.3043 78.1601 63.8122 40 17.72 55.0091 20 34.7131 98.1122 42.8019 74.4648 100.8464 109.5673 51.923 44.4185 55.7136 54.2033 75.743 63.6946 96.8969 101.5332 36.0555 93.4773 62.6259 29.5296 48.0104 115.1086 93.3381 77.4726 36.0555 60.6383 16.2788 82.2253 45.3542 60.5392 74.3303 87.8009 42.19 125.2517 66.4003 82.0975 75.8024 66.4078 93.9202 42.4853 54.7814 22.1359 87.046 38.0132 95.4254 
74.2765 49.0408 19.2094 102.0049 106.1037 102.1225 109.8954 91 0 89.9389 81.7435 100.3195 116.1077 77.4145 74.4648 118.9285 14.2127 22.6716 72.0347 101 75.5381 49.0408 109.7679 104.9238 69.2026 99.985 54.0833 125.6025 114.2847 115.0043 57.5587 42.4264 69.3758 137.4409 58.2151 45.793 94.8947 98.27 72.0069 84.5991 32.2025 96.6644 6 132.0606 89.3588 72.9452 101.415 118.9033 19.6469 120.0666 84.1724 58.8218 69.3542 18.6815 114.4771 90.824 106.6677 85.44 118.6634 60.8276 55.5698 111.3643 66.0681 82 114.5426 121.9385 90.0278 85.7963 92.3472 53.7587 120.9173 160.1125 113.0044 59.1692 92.477 100.5684 13.8924 111.7587 25.4951 79.404 106.0424 60.803 117.3243 76.9675 75.9539 132.8796 118.0889 60.8276 52.6118 111.7721 73.2462 94.0213 22.0227 136.0588 128.4445 102.0784 116.297 76.844 73.7564 52.7731 85 51.6236 104.9381 45.6946 83.0241 65.437 112.0714 108.1665 81.2712 118.2709 101.3558 46.0652 44.9222 41.3038 96.7678 20.6155 96.6282 111.1126 62.6498 73.5935 64.0078 38.2753 1 43.0813 42.0476 113.0044 55.0273 120.3536 58.6941 129.7266 101.1237 101.4347 74.6324 122.1843 50.3289 129.3754 95.1893 93.5575 69.5701 28.0179 71.218 120.4201 66.7083 51.0392 153.522 44.2945 26.0768 117.9915 40.05 66.8431 92.6499 122.1475 57.7062 147.8005 56.2228 78.032 60.6383 100.4042 77.0065 84.006 110.0045 16.5529 16.2788 85.1587 110.1136 47.5395 135.5913 138.0036 32.249 27.313 15.0333 13.4164 72.0069 88.278 95.2943 92.8493 56.1427 108.1157 102.5914 156.4001 114.9826 32.6497 104.9952 54.1479 123.5557 32.249 149.9066 22.8035 116.9316 113.864 152.0526 141.7357 25.632 143.628 65.192 123.0447 64.1405 68.942 96.1041 128.9496 28.2312 
15.8114 50.1597 95.0158 68.6003 16.4012 65.192 94.6678 30.2324 89.9389 0 59.808 75.5844 55.9464 61.4003 41.3038 29 104.0048 92.5905 43.1045 61.0737 77.4661 79.8123 57.0088 63.7024 25.4951 56.0357 79.6241 69.6348 51.8652 42.72 75.06 59.5063 49.4975 47.5079 72.0278 47.8539 54.2033 28.8444 56.0892 29.5296 86.7295 29 86.0523 48.8365 56.4624 27.0185 17.0294 60.9016 73 77.1038 80.4114 78.7718 38.1182 74.8866 29.4279 33.2866 17.4642 48.3011 70 39.4588 40.8044 67.3573 70.2567 43.9659 57.6281 45.2769 81.7435 31.7805 57.6975 45.8803 31.4006 70.1783 25 38.0789 42.0119 38.8973 88.2043 74.2765 90.7359 53.3667 46.7547 30 58.6686 36.4005 57.0088 49.8197 90.9725 29.2062 59.5399 33.3766 50.2195 29.0689 74.2024 57.1402 58.6941 75.7166 44.9222 23.1948 83.863 58.5491 71.5122 38.6005 92.1792 48.8774 68.9493 27.5136 32.1403 23 22.1359 50.0899 30.8869 49.7695 56.6127 60.8358 48.9183 110.3449 56.9386 70.4344 58.0345 16.4012 59.0762 59.0931 89.1964 80.6536 51.0392 31 79.4292 76.6942 81.0555 42.0476 73.3553 83.7735 18.0278 64.6375 46.5188 46.0977 80.9568 49.7393 45.3982 87.818 23.3452 35.6931 82.1523 60.1664 64.405 50.5668 64.3506 34.0147 67.624 23.4307 44.4185 35.7351 58.0775 58.6686 33.9706 20 74.4312 17.72 59.8415 72.111 73.0068 74.2496 103.3247 84.4808 25.1794 52.3927 45.8039 49.1935 85.4225 64.5368 99.905 102.5329 59.2115 66.2118 32.5576 3.1623 64.9384 86.5332 63.8905 66.4831 65.0692 57.3149 43.2782 63.2851 33.8378 66.0379 60.3075 94.3027 27.0185 96.7988 63.5059 58.4637 68.2642 53.7401 72.1734 70.4344 34.3657 32.249 58.0086 51.6236 85.0882 
52.4309 76.0592 73.736 121.1652 66.4831 118.5622 37.5366 86.2844 81.7435 59.808 0 125.865 40.3113 5 86.977 77.0065 94.1488 69.0797 87.046 20.1246 20.8806 104.0625 31.8904 23.7697 40.4599 110.6029 106.7755 128.4134 110.9099 48.3322 30.6105 81.1542 15.6525 92.5419 28.0179 43.9659 107.2986 40.1123 10.0499 30.8058 57.6975 87.2353 75.8024 70.3847 106.8316 35.2278 55.1453 41.2311 76.4199 133.4541 122.6418 108.7474 25.4558 63.2851 61.5224 88.7525 73.3485 13.0384 37.6962 31.9061 37.1214 123.2234 20.5183 93.4345 115.9741 56.3649 126.2101 85.2115 109.0413 75.4718 75.1066 111.8302 81.2158 35.5106 23.5372 96.7471 71.3092 30.0666 98.326 99.7647 104.8094 58.8982 40.3609 23.7065 6.0828 70.7743 143.6837 51.0882 29.1548 52.3927 12.2066 86.4523 80.7527 115.7325 55.3173 22.1359 48.3011 37.5899 28.4605 29.0689 11.7047 50.6063 33.9706 70.214 9.2195 42.4264 54.1295 81.7435 37.6962 109.7725 41.4367 41.2311 38.0526 81.7068 21.9545 99.925 110.1136 125.6025 19.105 53.0094 95.9635 45.0444 81.6149 101.2423 68.542 56.8859 107.1541 38.6394 34.6554 75.9276 124.4829 132.382 62.8013 123.4706 72.5603 103.5761 22.0227 103.2327 18.6011 97.7394 41.4005 64.5368 30.5287 88.5494 98.9798 43.1741 67.897 92.1954 87.9204 56.5862 98.6002 68.2495 24.0832 107.2986 56.6127 69.4046 106.4378 77.4919 103.7111 12.3693 127.2831 74.108 98.0051 25.1794 59.1354 77.3692 93.1933 100.005 98.4784 71.3863 96.5194 94.541 100.6032 8.0623 34.1321 62.2977 96.1769 31.3847 21.1896 106.9626 122.3315 61.6117 101.5972 27.8927 84.0238 79.8123 98.2344 99.0454 77.1038 40.6079 113.2166 77.8267 57.0351 95.5249 22.6274 128.6313 34.0588 74.2496 15.8114 110.8603 59.2368 
74.8131 57.3847 116.7262 9.2195 84.2021 13.1529 163.3554 45.8803 100.3195 75.5844 125.865 0 131.4876 125.2557 38.8973 88.8144 109.0413 117.686 39.0512 133.6001 137.0036 54.7449 131.8825 136.8247 85.6329 22.0227 50.01 36.8782 40.2616 117.9237 126.0516 59.6657 111.1261 99.0454 124.0202 89.3588 21.8403 104.2353 118.2582 101.0198 119.8541 49.4773 100.9752 118.4567 19.4165 91.4385 91.5478 136.4185 82.0366 23.3238 21.095 45.1221 100.4092 98.4937 100.9604 42.72 76.9025 117.7964 144.9172 95.0158 91.214 20.2485 126.8267 32.8024 34.176 119.2183 16.2788 43.8292 17.8885 55.0091 94.0479 115.7411 75.5381 91.5478 114.8564 41.3038 108.8531 147.411 81.4985 26.4008 37.054 67.3573 134.1827 103.4795 120.9669 119.4362 18.7883 75.0733 109.8362 107.912 113.864 48.0833 78.5175 68.352 133.544 146 120.1541 90.4268 140.9113 109 136.5613 78.2368 159.8124 63.561 133.7348 83.4386 106.2826 68.7314 92.4175 47.5395 106.4378 92.9624 100.8464 60.4152 122.0656 113.2828 19.4165 17.0294 114.8085 74.027 37.108 97.4936 99.3227 60.531 67.2309 104.3552 49.0306 151.1721 131.2288 107.0561 3.1623 9 64.2028 36.8917 59.0339 72.1803 147.8005 26.2488 107.5174 77.4145 85.0412 106.2309 136.2131 50.01 120.1041 91.9239 81.0432 69.0072 60.2993 69.3109 31.6228 104.3456 111.8302 98.656 70.6045 58.2495 41.4367 65 24.6982 136.6199 13.4536 86.3134 103.3102 146.4923 97.719 57.5847 95.0842 90.6697 72.4431 77.3692 99.2472 106.0754 29.4109 133.66 107.1868 75.2396 44.1814 156.4641 136.4001 114.9826 26.9258 80.4114 40 114.2804 87.1436 69.0507 114.1578 86.5794 85.8429 166.2438 98.9545 126.5899 96.4624 106.1179 127.8828 32.5576 91.9674 51.6236 129.6302 62.6418 116.0905 
59.6657 95.2575 111.5078 124.5311 51.6236 121.0785 54 86.093 116.1077 55.9464 40.3113 131.4876 0 45.2548 95.5196 56.0803 129.6187 107.1868 96.7678 22.3607 59.6406 126.1428 8.9443 20.8806 54.037 111.8302 127.4755 122.3806 104.8046 17 70.7672 103.0194 47.4131 65.521 68.0147 71.8053 110.1454 27.313 47.2017 35.0143 96.5194 84.0536 110.4943 36.0139 112.2586 48 41.2311 5 106.099 132.0038 134.7145 128.0039 47.2969 97.4987 37.7359 89.1852 60.1082 31.3847 16.5529 56.2939 62.1691 122.6418 60.8112 99.4032 111.3957 22.3607 136.7041 87.6584 113.6002 92.6553 51.8845 80.0562 66.0681 58.8558 23.7697 93.8136 107.7868 27.074 127.738 108.2682 101.2126 73.5527 2.8284 39.8121 44.0454 36 146.8128 67.1193 65.3682 27.2029 43.909 84.5991 109.4897 99.3227 15.2643 36.6742 15.2315 46.1736 67.1193 64.8845 46.6476 72.111 54.231 91.022 46.0435 58.0086 29.4109 70.0071 42.4264 101.1187 25.0599 70.6045 71.3092 104.0048 19.7231 135.7719 112.8716 125.9246 56.3028 60.6383 110.6345 77.8332 115.767 125 91.022 32.45 127.5657 24.1661 74.9667 46.3249 129.2942 139.5564 69.2604 117.4564 91.2688 86.2844 48.0833 105.6788 46.6154 126.1507 53.1507 36.7696 70.4344 107.5639 65.0692 72.5328 96.6902 77.6209 111 68.0661 100.3444 40.8534 60.5392 80.5233 74.108 74.0945 124.4588 69.6563 114.1622 48.0208 128.7012 105.019 132.1893 59.5063 38.4187 97.1854 67.6757 75.9605 125.5747 99.1413 129.9885 129.4488 112.641 39.1152 25.4951 56.6039 114.1271 45.0111 23.4094 75.06 119.6328 89.2693 97.6166 65.7343 62.6498 105.3043 66.0681 129.6341 57.6888 54.1479 86.5852 40.7922 90.4765 65.9242 62.9365 123.9879 54.4518 84.2021 25 96.6075 97.4166 
52.8394 74.0945 68.9493 120.8801 69.1158 118.4061 38.833 86.8332 77.4145 61.4003 5 125.2557 45.2548 0 86.3713 80.0562 89.627 64.2573 86.2786 25.0599 17.1172 101.3903 36.8782 28.6356 40.4969 110.6797 104.2785 129.2478 111.8928 52.7731 25.6125 78.721 14.1421 96.026 23.0217 41.2311 107.2007 43.566 7.2111 33.1361 52.8015 88.1419 71.4493 74.7329 106.4049 35.7771 58 46.2277 72.8354 133.6899 121.2106 106.4378 25.2389 59.0762 65.1153 89.1852 75.6637 16.7631 42.5441 30.4795 35.2278 123.422 15.5563 93.086 116.7262 60.8276 124.964 85.44 108.706 73.8173 78.4092 115.6936 83.6002 34.0588 27.5136 97.4936 66.7083 34.3657 94.6414 99.0051 105.5462 57.9828 45.3431 25 4.4721 75.1532 143.2829 50.2096 25 56.3205 11.6619 87.2067 77.2787 117.8855 60.208 25.318 52.8394 38.6264 24.5153 25.02 11.3137 48.8262 34.8281 68.0955 8.4853 42.0119 57.9741 83.7437 39.2938 111.072 45.1221 38.2753 34.3657 79.2023 26.6271 95.3415 110 125.6702 15.0333 53.3385 94.4034 41.3038 77.3175 98.3514 66.1891 60.6383 104.6948 43.1741 29.7321 79.8123 123.9879 131.5295 62.9682 124.3382 70.7248 105.9292 22.8035 103.2279 17.8045 94.2019 41.6773 68.4105 25.9422 86.4523 103.1213 40.1622 64.5368 94.3663 85.235 56.2228 98.737 72.0347 20.025 110.6526 55.3173 69.6419 104.3168 79.1202 102.6499 11.4018 127.2006 70.3491 93.6483 23.0868 62.514 75.2928 96.5194 103.1213 95.1262 68.1542 92.2659 90.0944 99.3579 11.0454 37.6563 64.0312 94.1541 33.6155 26 110.8603 122.8007 58.5235 102.4158 23.3452 87.023 76.844 102.2008 95.1893 80 42.19 116.5204 82.365 53.0094 99.2472 17.6918 129.2942 33.3017 73.6614 20.8087 112.8051 54.4243 
36.7151 25.4951 87.2812 34.9857 54.231 33.1059 124.4829 20 74.4648 41.3038 86.977 38.8973 95.5196 86.3713 0 63.0635 86.3771 87.023 2.8284 95.4149 98.4733 44.4072 94.8472 98.7927 46.8615 27.4591 42.5441 52.0096 39.8497 83.7437 88.5664 32.6956 72.2496 78.3901 86.3134 52 22.8035 68.3081 79.3977 63.1348 86.5794 26.4008 73.1642 89.0898 20.2485 52.8015 58.3095 100.3045 54.8179 50.2892 39.2938 40.3113 61.5224 67.0075 70 18.3848 49.2443 79.2023 107.7868 56.2228 52.6972 40.2616 88.5099 8.0623 40.3113 86.5794 41.2311 14.4222 22.8254 21.095 67.4685 99.363 51.6236 52.8015 77.026 26.9258 79.3095 109.2932 64.0703 13.0384 31.6228 28.6007 98.0816 64.8151 82.0731 90.0888 57.0088 36.2353 72.0069 74.6726 74.9667 23.6008 53.1413 63.8201 99.8248 107.2986 85.9069 52.1536 102.7278 71.1196 97.6729 40.2492 120.9173 30.0167 94.8472 44.5533 73.437 44.7772 54.5894 44.2832 70.8802 55.5428 63.6946 34.0147 84.22 91.9239 25.2982 41.4367 76.2758 35.8469 19.6977 61.4003 73.4983 47.4236 34.0147 72.1734 42.0595 113.6486 94.0213 80.0625 37.6431 45.607 26.4008 48.1664 25.02 60.1415 108.9036 20.0998 68.6222 60.2163 46.4004 76.0263 98.4124 27.0185 98.6813 54.7814 50.2494 51.0392 38.2753 30.4795 18.2483 75.2396 73.5731 83.7616 32.249 21.587 35.4683 37.9473 18.6815 97.7446 42.0476 58.2495 82.7647 107.8007 66.0303 26.9258 75.1532 74.0945 56.2228 47.676 78.721 83.9345 18 94.7945 70.3847 42.0476 28.0179 117.686 98.1835 97.0464 42.19 47.0425 30.8707 76.4788 64.2573 42.72 93.4077 68.7968 60.1664 127.4049 86.4002 98.326 63.1981 85.6154 89.6939 50.0899 53.0754 12.7279 91.2634 56.6127 83.2947 
44.6878 77.6981 123.422 80.2309 13.0384 76.2955 106.0424 45.1774 118.9285 29 77.0065 88.8144 56.0803 80.0562 63.0635 0 133.0038 120.7394 65.521 70.6045 97.1288 105.7024 61.327 71.7844 52.3546 66.9104 104.7521 69.9714 53.7122 39.1152 98.7168 87.1321 71.1969 18.6011 95.5667 76.0066 67.2681 37.2156 76.531 47.3814 114.0395 40 114.9783 30.4631 72.0069 51.6236 22.2036 60.7454 101.9117 82.4621 99.1817 103.0922 61.4003 103.6002 18.3576 48.0937 13.9284 64.0312 72.5603 65.3911 68 74.6324 92.0706 62.514 60.9262 36.0694 99 49.6488 72.111 73.0616 5.3852 41.2311 13.3417 64.846 54.3323 47.5184 116.8289 81.1542 119.0378 72.5603 52.8867 58.7963 58.8303 56.8859 76.1643 31.3847 100.2846 58.1378 84.7585 29.0689 70.5762 42.0476 102.9417 43.2666 50.9313 86.8332 41.0488 47.1699 104.3072 83.8153 88.1419 67.4759 104.7855 77.201 86.0523 55.2268 26.8328 20.0998 43.9659 48.3735 36.6742 77.5242 83.6301 88.5099 59.2284 139.3449 69.4622 78.4474 81.0247 45.3431 82.5651 86.954 118.1905 107.3313 79.6492 23.7065 104.4031 80.1311 104.561 18.2483 85.9884 97.7394 45.8039 65.3682 74.3303 30.2324 95.1893 63.1269 67.4685 115.9353 50.1199 20.5183 104.0865 86.3308 36.2353 78.5493 93.3381 23.0217 95.0158 52.345 58.0345 17.2047 82.28 31.3209 62.9365 45.1774 98.3717 25.318 79.7621 89.0898 82.0061 103.2376 132.2762 102.0784 18.6815 79.925 17.4642 23.0868 113.2078 93.4345 128.8177 131.5295 80.604 81.3941 43.1856 26.1725 89.8888 97.1236 73.0821 37.4833 70.0071 86.3134 49.4773 87.9318 7.0711 94.4034 31.6228 122.8007 3 107.2054 36.8782 37.855 96.8349 24.7588 94.2019 72.4707 60.4152 57.6975 69.4262 41.0366 112.7697 
88.3912 61.327 23.7697 111.6468 120.2165 112.1472 120.1041 103.7545 14.2127 104.0048 94.1488 109.0413 129.6187 89.627 86.3771 133.0038 0 28.6356 83.8153 113.7585 86 55.3263 123.0325 117.6308 83.4086 110.8558 60.407 136.565 126.1943 128.9961 68.0074 53.7587 82.5409 151.486 69.1158 59.9083 105.7592 112.361 84.6463 98.6154 40.3113 109.5901 19.2354 146.2395 99.8248 87.0919 115.6244 132.2573 32.249 129.8692 91.351 65.3758 83.1865 32.2025 128.6895 103.3683 120.6151 98.6813 131.4724 74.793 69.6419 121.6553 77.2334 93.6056 125.9603 136.0037 97.3293 98.4124 102.7716 66.2118 135.0592 174.1551 126.8227 73.2462 106.1037 112.9248 23.0868 123.9677 28.6356 90.0278 117.9873 74.6525 130.7402 90.7855 88.5268 147.0544 126.0992 74.9533 65.2534 125.9246 86.3308 106.8925 33.2415 148.9228 142.2252 113.7453 130.2498 91.022 83.2947 65.521 96.421 65.7951 115.1086 58.6686 94.6414 79.6492 126.2458 121.8277 95.4411 130.545 115.434 60.0333 58.3095 52.4976 110.1363 6.4031 107.28 121.062 75.1864 87.6926 73.9797 51.8941 14.8661 49.2544 55.2268 127.2006 61.4003 132.7742 68.1836 143.934 110.1635 109.165 88.4081 133.4054 63.0635 142.6885 106.0424 104.8094 83.006 32.3883 85.4283 134.6291 76.2365 61.3922 167.7051 58.3095 39.8246 131.4686 49.8197 80.8084 104.3552 136.3598 70.342 161.6447 70.1783 91.526 68.0661 114.0395 86.8332 95.3362 119.6035 30 7.8102 95.1315 124.3262 59.6154 149.5761 151.819 37.3363 40.4969 10.7703 3.1623 81.8841 100.2846 109.2749 106.8878 65.3758 119.0672 115.2085 170.4846 125.7179 46.6905 117.1751 66.2873 137.5354 43.6578 164.0549 24.0416 130.9695 124.1008 165.8011 155.9006 39.3573 157.7244 76.1052 133.7535 78.2304 81.8841 108.9312 141.7674 37.054 
76.922 62.0725 5 118.0889 107.7033 117.6138 92.0054 100.6231 22.6716 92.5905 69.0797 117.686 107.1868 64.2573 87.023 120.7394 28.6356 0 85 89.1572 58.3095 69.8355 99.7647 92.8493 68.5055 114.0395 74.7061 139.0324 125.7816 109.3435 40.6079 58.0517 59.9083 139.2839 42.2019 44.7772 109.0734 94.0479 60.3738 79.9062 12.0416 105.5367 18.6011 128.6934 104.3887 70.4344 100.8018 109.1788 36.0555 135.6245 103.465 79.1581 63.6553 20.025 112.9292 101.1187 110.0182 75.8024 106.7755 56.7274 53.0094 126.2537 50.448 95.0053 127.1928 116.9316 109.11 96.026 107.3778 66 121.758 161.6972 117.2007 56.4004 84.6286 111.1575 9.434 98.0816 48.0833 94.4299 117.6138 66.7608 107.912 70.8378 63.9766 129.4025 136.0625 64.0781 41.8808 108.1896 63.2851 103.1601 40.3113 144.3676 120.9297 87.0976 110.2588 74.8131 55.0091 42.4382 69.6348 54.7814 87.0057 57.0088 68.1542 65.5134 108.9312 113.4637 78.8733 128.7245 96.8969 43.2666 38.2099 57.2713 87.4643 33.0606 111.162 126.5701 51 76.4853 80.604 33.8378 23.3452 64.1405 53.0094 110.4536 75.591 107.2054 40.0125 128.6895 118.0678 119.9208 80.3243 135.1333 62.0081 136.0147 78.5175 107 61.4003 50.3289 70.7248 118.3427 48 67.6831 153.0523 42.19 37.1214 124.0645 58.1893 71.5122 105.119 120.7394 46.6476 151.2382 61.6847 85.1645 80.2309 106.0424 93.3809 68.4471 126.0198 31.6228 35.1141 67.0075 108.8531 61.2046 138.0616 141.778 54.2033 40.4475 35.7771 30.3645 88.459 74.3303 89.9389 95.7131 74.0405 91.5478 90.2497 157.5468 129.0155 40.1995 115.9741 41.5933 126.2696 48.7647 150.2065 45.4533 119.2015 96.0052 156.0833 137.9311 25 144.7791 49.0306 137.0036 61.2209 78.7718 84.5813 137.5282 9.8489 
37.5766 23.1948 85.1469 35.7771 56.4358 34.176 124.5793 22.8035 72.0347 43.1045 87.046 39.0512 96.7678 86.2786 2.8284 65.521 83.8153 85 0 96.0417 98.0051 41.6173 95.8541 99.4786 47.2017 29.1548 39.8246 54.0833 42.3792 85.3288 87.6584 30.0832 72.1388 81.0247 85.4751 50.9902 24.3311 69.6419 79.2465 63.9531 84.8528 29.2062 70.859 91.1976 21.0238 53.2541 60.1332 101.5135 52.3927 51.6624 37.9473 37.6962 61.6198 65.0077 72.0278 21.2132 51.6624 79.6304 108.7474 55.9732 52.2015 41.7732 87.9204 10.0499 42.5793 88.3629 40.2492 17.2047 23.7697 19 69.857 102.0833 54.231 52.4976 77.8267 29.6816 77.1622 109.9318 61.2944 12.7279 34.176 28.3196 99.2975 65.215 82.0244 92.1954 57.4282 36.0694 71.1969 76.4199 74.9667 26.4008 50.5964 66.6108 101.4347 107.6151 87.4757 52.8394 102.0833 70.3278 97.591 39.4462 120.9339 28.0179 94.7629 44.6878 75.2396 47.4236 55.4617 46.9574 72.2772 54.5619 62.6498 31.3847 85 89.3197 26.6833 42.72 75.8024 36.6742 17.088 60.0833 71.0634 44.5982 32.0156 74.0608 39.3573 114.4902 93.0376 82.3772 38.0132 45.3431 27.5136 50.3587 23.0217 62.9682 108.9036 22 68.593 57.4282 46.8722 78.1025 97.6166 24.2074 101.2423 53.7122 48.0937 53.8238 35.5106 30.8058 20.6155 77.4145 72.9452 86.5332 31.6228 23.1948 32.8938 40.4969 17.4642 97.6217 43.0813 55.9017 80.1124 107.4477 68 24.5153 77.8203 76.8505 53.4135 45.3982 76.0592 81.3449 16.1245 94.921 71.5122 44 25.2389 117.9237 98.7927 99.7296 44.0454 45.1774 33.541 75.6637 66.8506 40.1622 96.0052 66.0379 62.6418 127.5617 89.202 100.4988 61.4003 88.2383 89.0449 52.0096 53.0377 13.0384 91.8096 59.4054 81.4985 
58.8218 89.1852 93.7763 127.7811 62.6498 124.7397 35.4401 90.5097 101 61.0737 20.1246 133.6001 22.3607 25.0599 95.4149 70.6045 113.7585 89.1572 96.0417 0 37.6431 118.8781 13.4164 4 49.1935 116.0431 121.0372 130.6025 112.8007 35.0571 50.4777 95.5667 32.0624 83.3847 48.0208 60.1332 113.4548 34.4384 29.1204 32.6497 77.8203 90.0278 95.1262 56.7186 114.2016 42.9418 50.9902 22.0227 94.0053 137.9311 133.2967 122.4132 37.108 82.3772 52.9528 93.3488 70.6612 17.4642 17.72 45.7056 51.6236 127.9883 40.2244 100.8018 118.6971 42.4264 136.191 90.6863 116.0388 87.6641 67.4685 100.2447 77.8781 49.0306 19.105 99.905 91.0934 13.8924 116.0043 108.4528 107.8147 69.3542 21.6333 31.3847 25.2982 56.8859 150.446 61.8466 48.5077 42.4264 28.0713 89.8721 98.0204 112.5389 37.5899 16.2788 34.2345 43.2666 45 48.2701 24.4131 64.0312 34.3657 83.9345 24.0832 52.3927 44.5533 80.1311 41.2311 110.3857 34.176 58.0086 56.4358 96.3172 12.2066 119.6411 116.2755 130.832 38.6005 59.6406 107.4244 63.3877 100.8067 116.7262 82.9759 47.676 121.2972 20.0998 54.037 65.0077 131.8218 140.9113 69.4046 125.6025 85.3815 99.7246 26.3059 109.1238 33.0606 115.0391 49.2443 54.1479 48.7955 101.8332 85.9884 60.0083 85.0235 89.4707 102.9612 65.3682 104.0625 58.2151 43.4166 98.5089 68.352 75.4321 119.5408 77.666 113.3711 25.807 133.0564 92.1358 117.2774 37.1618 51.923 90.802 84.8528 92.5743 115.2779 88.1419 115.5725 114.0044 110.9414 17.0294 29.1548 62.8013 109.11 26.5707 2.8284 95.2575 126.0635 78.1601 104.3504 47.7598 77.6209 95.7549 86.2844 117.1537 71.4703 36.7696 104.5801 62.6418 75.8024 85.0059 42.2019 131.5029 45.8803 83.006 5 108.6876 79.3095 
67.4166 82.807 63.2851 133.4054 86.0233 131.2288 34.3657 101.2373 75.5381 77.4661 20.8806 137.0036 59.6406 17.1172 98.4733 97.1288 86 58.3095 98.0051 37.6431 0 107.1868 50.8035 40.3113 54.7814 124.0363 110.6752 143.9236 126.874 69.0797 18.0278 85.8021 28.1603 113.1371 17.4642 48.8365 120.2206 60.6712 21.3776 50.01 46.2709 103.1213 69.5845 91.1811 118.7139 50.9608 75.0267 59.6657 75.3923 147.2481 130.832 113.4637 39.8497 58.6941 82.201 103.3683 92.3472 33.7343 53.2635 42.5441 45.8039 136.9525 10.8167 105.6882 131.3088 77.0779 135.0741 99.2824 121.2023 83.4506 95.5249 132.6725 100.3195 45.793 44.3847 112.1606 63.0317 42.19 96.1665 110.6029 120.1541 69.8928 59.203 41.3038 21 91.5478 155.4252 62.434 28.6007 73.2462 27.2947 101.951 80.2309 134.3503 74.8866 29.9666 68.942 54.3415 7.6158 29.2062 13.4536 58.8982 29.4279 76.4853 13.6015 55.4617 74.9533 100.1299 55.5788 126.5306 62.1691 45.3431 38.833 86.0233 42.5441 91.0879 122.9675 138.9244 22.2036 67.7791 103.9471 44.7772 75.6637 103.3538 73.8783 77.666 111.2205 51.6236 18.6815 96.7729 136.0147 142.6359 76.9675 139.0863 79.9062 122.5887 20.2237 116.4689 32.28 96.4624 56.3028 85.3756 11.6619 94.4934 119.8541 46.8615 68.4251 110.8873 91.2688 69.3542 112.2943 89.0505 25.4558 127.7693 66.4003 83.672 112.0045 95.1262 113.4548 12.0416 140.1321 72.111 91.1976 10.2956 79.6304 83.6301 113.6354 120.204 98.2344 72.4707 90.5539 87.0517 109.7133 20.6155 54.7449 80.2309 102.3035 33.2415 37.4833 127.8163 136.8539 63.8122 117.1751 24.6982 104.0769 81.9878 119.105 95.8019 97.0206 38.3275 133.6338 98.4124 54.0833 116.297 10.7703 143.6732 46.5188 85.9826 34.6699 129.0659 49.0408 
68.469 31.0161 67.5426 58.8218 95.1893 60.1664 139.5564 64.405 49.0408 79.8123 104.0625 54.7449 126.1428 101.3903 44.4072 105.7024 55.3263 69.8355 41.6173 118.8781 107.1868 0 122.8007 122.7844 72.111 61.4003 5.099 86.3308 80 118.3427 91.6079 23.3452 88.5438 122.1188 90.6973 60.1664 56.6039 101.1237 94.3398 91.1373 75.6042 70.8025 51.4296 128.5496 49.7393 78.2304 96.1041 130.3112 34.8281 76.922 36.0555 10.0499 81.7863 53.9073 109.1421 62.6259 91.7878 101.415 134.6477 73.2462 67.4463 70.0071 96.3846 48.7955 77.6981 123.0447 42.0476 58.8218 52.3546 34.3657 109.5628 143.5444 95.2943 69.857 103.6967 70.0071 60.4152 132.1855 27 41.4005 72.4707 53.0848 128.2498 88.1192 98.0816 129.5222 71.007 59.0339 78.7718 111.1575 92.3472 68.0074 30 106.8316 134.1827 126.1943 120.2664 80.025 108.4666 78.2943 111.8928 54.9181 135.0592 35.2278 109.252 68.1836 110.4762 88.6848 84 85.9127 104.1729 63.1585 68.4763 22.561 110.1681 59.0085 57.3062 68.6222 87.2353 67.4759 25.4558 62.434 48.1041 6.0828 35.9026 110.0227 6.0828 138.8524 95.268 121.4331 56.2939 54 61.8466 84.119 35.0143 104.3504 123.4828 57.2014 86.4002 23.0217 73.0274 115.447 102.2008 19.6469 141.852 61.327 39.2046 95.4411 16.1555 59.3043 58.7963 115.5206 82.7345 128.1405 52.0384 60.7454 13.3417 81.4125 35.8469 111.4002 66.4831 39.2046 49.0102 117.4777 104.7855 29 119.0798 118.4314 18.0278 35 45.0444 52.2398 31.6228 112.0089 101.005 81.6088 16.4012 135.0037 121.2765 141.0319 75.1532 43.4166 72.9178 82.4924 107.7822 25.2389 136.8539 32.0156 102.9563 143.1782 130.8014 138.2462 55.2268 129.2517 96.566 82.8553 73.1642 48.1041 114.0044 99.7246 71.4003 
58.3095 92.228 104.2017 125.3635 55.2178 122.0656 46.1736 87.2009 109.7679 57.0088 31.8904 131.8825 8.9443 36.8782 94.8472 61.327 123.0325 99.7647 95.8541 13.4164 50.8035 122.8007 0 12.1655 50.9902 113.0044 124.4588 125.2557 107.5174 23.3452 62.482 99.5038 40.4969 72.3671 59.8164 66.4831 110.9414 28.3196 39.4462 32.28 88.8369 85.7963 104.0433 44.1022 112.5078 44.7214 44.0454 9.434 100.8415 133.9589 133.7012 125.3196 42.107 91.0934 43.0813 90.2109 63.6003 24.3516 13.0384 51.1566 57.1402 124.3262 52.4023 99.363 113.8464 30 136.0588 88.2043 114.057 90.0278 57.5847 88.0057 70.1783 54.037 19.105 95.6713 100.8464 19.9249 122.6907 107.7868 103.3247 71.0634 8.4853 35 36.0555 44.1814 147.8716 64.1327 58.1808 32.311 36.7696 86.0523 104.4797 104.2353 24.1868 28.1603 22.0907 43.6807 58.2495 57.7754 37.7359 68.1175 46.0109 87.5728 37.2022 54.7449 34.5398 73.4098 40.4969 104.3504 26.9072 64.9384 64.846 100.4042 13.1529 129.0969 113.719 127.4402 48.7647 59.2368 108.8118 71.5681 109.4806 121.2642 87.2067 37.6962 124.6154 19.799 66.4831 53.4603 129.8499 139.671 68.4471 120.283 88.2836 91.2414 39.2938 106.5082 40.2616 121.3342 50.448 43.1741 61.7171 104.7378 73.3348 66.9104 91.5478 81.8352 107.2986 66.0984 101.2571 47.2969 53.2259 87.4757 71.0211 73.8241 122.0246 72.1388 113.3181 39.1152 130 99.4636 125.9603 50.5668 42.9418 94.0479 74.2159 82.28 121.0661 94.2603 123.9395 123.0163 111.4271 30.2324 24.6982 58.1378 111.6109 37.1214 14.5602 83.006 121.7539 84.2912 99.7647 58.1808 68.1542 101 74.0068 124.3101 62.6099 46.6905 93.5575 49.4773 84.2021 73.3348 54.4885 126.5741 50.01 83.006 16.2788 101.0198 89.9444 
62.1289 93.0054 97.4987 130.874 64.4127 127.7811 34.5254 93.3809 104.9238 63.7024 23.7697 136.8247 20.8806 28.6356 98.7927 71.7844 117.6308 92.8493 99.4786 4 40.3113 122.7844 12.1655 0 52.8015 119.0042 124.908 133.0601 115.2562 35.0571 53.8516 99.4636 36.0555 83.863 51.4782 64.1249 116.5161 36.3593 32.9848 35.805 81.4371 92.6984 99.0404 56.2228 117.4138 46.5188 52.8394 19.7231 98.0051 140.716 136.8503 126.2418 41 86.3134 53.8516 96.2601 72.5603 21.3776 13.9284 49.6488 55.5788 130.832 43.566 104.0433 121.2642 42.0476 139.671 93.723 119.2015 91.4166 68.4105 100.045 79.6053 52.9528 22.0227 102.5914 94.921 10.6301 120.0042 111.8302 110.4536 73.0068 19.6977 35.1141 29.1204 56.3205 153.5252 65.5515 52.3927 43.1741 32.0624 92.6337 102.0196 114.1271 35.8469 16.0312 34 46.6476 47.5079 52.1728 26.9072 67.9117 34.0147 87.8009 26.9072 56.0803 45.3542 82.1523 44.4072 112.6455 35.7771 62.0081 60.407 100.2247 14.8661 123.4909 119.3315 133.7348 42.45 62.9682 111.0856 67.3647 104.7378 120.669 86.885 48.5077 125.1599 16.1245 57.2014 65.192 135 144.2221 72.6705 128.0625 89.1852 101.2373 27.2029 112.1606 37.054 119.0378 52.7731 54.5894 51.6624 105.6504 85.4751 64.0078 89.0225 91.2414 106.8878 68.884 107.0561 58.6941 47.2969 98.9949 72.111 78.6003 123.3288 80 116.8461 28.3196 136.0294 96.1301 121.2023 38.9487 53.1413 94.6414 85.5102 93.3916 119.2686 92.1358 119.5199 117.9025 114.4902 19.8494 31.4006 65.2993 112.8938 25.4951 2.8284 95.0474 128.7633 82.1523 106.9626 51.5461 78.7464 99.7246 86.0523 121.1487 72.8011 35.4401 105.0762 61.6117 79.7621 85.1469 45.4863 134.0634 49.7293 86.4523 9 110.4762 83.006 
12.6491 41.3038 71.4003 80.7217 39.3573 78.1025 77.7946 46.5188 69.2026 25.4951 40.4599 85.6329 54.037 40.4969 46.8615 52.3546 83.4086 68.5055 47.2017 49.1935 54.7814 72.111 50.9902 52.8015 0 70.214 73.5527 89.1572 72.111 47.8017 50.04 49 26.8328 70.8308 47.0956 24.0832 66.8431 30.3645 34 19.0263 61.7414 48.3839 64.5368 62.9682 66.468 6.3246 32.5576 58.2151 55.0364 93.1933 84.119 74.3303 15.2643 52.3259 45.3431 48.7647 42.72 32.45 63.3246 14.0357 15.6525 82.9277 46.3249 53.0377 76.5572 53.8516 87.1321 44.9444 68.6222 39.0512 53.2541 93.1933 50.448 12.6491 32.0156 57.3847 65.192 63.0635 75.5844 59.8164 65.3911 20.2485 56.1427 18.0278 36.0555 63.8122 103.2763 13.1529 34.1321 42.9418 28.8444 47.1699 57.5847 82.0061 62.9682 60.4401 49.4773 8.2462 60.4401 33.1361 51.614 18.9737 74.411 37 48.8262 4.1231 43.0465 48.2597 12.6491 72.0347 33.5261 25.2389 31.3847 50.01 38.8973 89.8109 69.6563 85.2115 33.7343 13 58.3095 34.6699 68.6003 71.0282 37.2156 43.8292 73.6817 68.352 56.0357 60.8112 84.1487 92.4554 22.4722 84.309 37.3363 71.4493 62.482 62.8013 22.8254 73.4983 2.2361 51.225 57.8705 53.7587 84.9588 26.4008 45.618 59.3043 57.0351 16.4012 58.2495 53.0754 33.0606 83.2586 20.0998 29.1548 71.0634 42 64.3506 51.8652 86.8332 55.0727 84.0595 63.0635 41.0366 43.1856 69.7711 74.0945 72.3671 47.1699 81.1234 82.4197 61.7738 48.1041 29.1548 28.6356 60.6383 70.8378 51.8845 89.0505 82.365 38.0132 62.3939 38.0132 58.1808 51.9711 81.8352 78.1857 50.9902 80.6226 88.3912 72.7186 45.2769 76.2758 48.0521 89 9 34.2053 44.7772 76.0592 60.4152 
