0 37.66 79.26 69.31 31.83 66.48 89.38 34 74.28 15.81 52.43 74.81 59.67 52.84 36.72 44.69 88.39 76.92 37.58 58.82 67.42 68.47 58.31 62.13 12.65 58.26 69.07 76.56 59.46 50.01 62.29 46.57 39.4 63.25 59.41 32.31 55.17 33.14 46.52 26.42 71.47 35.74 70.29 61.1 55.44 17.2 28.64 64.29 57.8 81.02 75.39 69.03 27.73 59.08 42.05 36.36 33.12 43.14 71.18 26.17 26.17 70.8 58.94 42.01 63.98 54.59 77.82 32.8 57.38 34.13 46.69 85.91 40.31 24 40.31 44.78 72.4 72.67 76.48 49.74 52.8 15.81 62.1 29.07 48.37 62.03 91.97 13.45 46.01 42.76 41.18 34.54 59.36 70.18 66.01 71.42 52 15.62 73.08 45.01 63.81 22.8 86.21 35.11 61.06 13 42.2 37.11 17.89 59.44 36.06 34.48 41.77 47.8 47.51 94.75 58 73.25 46.32 1 50.99 43.66 73.55 68.45 36.67 42.06 69.03 76.94 68.26 56.3 73.11 82.1 10.63 71.69 33.73 60.21 74.4 50.99 35.34 73.82 11.18 48.33 70.41 49.09 79.51 35.11 48.92 48.05 54.82 9.22 46.23 49.24 45.4 74.43 18.87 17.03 65.19 30.27 55.04 64.14 75.07 58.8 87.97 75.58 37.58 39.81 61.61 64.88 71.87 49.41 84.65 87 53.14 59.82 34.21 18.87 55.04 82.04 61.61 82.13 69.97 41.73 49.77 50.09 49.65 51.89 75.69 79.76 42.8 92.02 79.18 70.94 52.48 69.35 60.64 76.48 21.38 24.7 54.82 64.01 69.64 
37.66 0 62.03 56.52 66.19 55.73 112.9 42.54 49.04 50.16 76.06 57.38 95.26 74.09 25.5 77.7 61.33 62.07 23.19 89.19 82.81 31.02 92.23 93.01 41.3 52 32.25 77.23 65.25 87.37 69.81 9.43 60.42 95.21 68.12 33.97 47.01 70.11 66.89 60.3 62.82 48.55 47.68 98.37 42.43 47.52 65.8 99.5 29.41 73.68 48.1 33.24 52.2 42.19 79.06 42.05 64.07 71.78 104.35 44.28 38.95 64.2 72.14 33.24 65.76 92.23 52.63 37.12 45.4 5 81.01 117.44 68.88 40.72 73.16 51.62 54.04 102.79 41.77 32.56 57.01 22.09 97.42 57.97 70.33 99.33 76.16 28.16 54.45 80.41 63.95 45.79 28.18 87.71 103.17 97.94 89.27 49.09 85.63 53.74 85.15 25.5 108.72 6.4 82.38 37.48 79.83 62.97 53.01 69.29 73.17 37.48 44.69 10.82 79.83 67.08 49.09 64.63 61.22 36.67 21.4 40.5 48.08 30.81 9.85 79.56 32.39 108.93 74.63 92.2 57.25 61.4 32.2 73.55 4 82.2 96.8 45.1 57.7 38.42 42.11 85.38 80.28 12.65 113.88 36.07 25 71.59 17.46 28.44 43.74 85.8 57.38 103.28 21.21 32.8 30.46 55.23 32.7 84.88 64.33 32.76 58.31 92.85 74.63 2.24 92.62 93.38 35.51 22.2 54.38 59.03 28.18 84.12 70.03 52.33 20.12 107.42 91.71 114.4 67.01 23.09 55.97 58.73 80.8 18.03 109.29 45.97 75.17 116.28 106.79 108.16 39.29 102.08 72.84 75.03 43.32 21.26 84.43 80.53 59.23 
79.26 62.03 0 117.52 110.39 117.21 97.01 101.64 19.21 95.02 73.74 116.73 111.51 68.95 87.28 123.42 23.77 5 85.15 93.78 63.29 67.54 104.2 97.5 71.4 114.02 72.5 139.23 126.44 113.23 45.54 57.31 64.14 142 47.07 47.43 109 97.67 64.88 83.55 17.03 106.74 16.16 132.28 104.08 73.66 103.86 113.6 34.71 135.24 101.83 77.08 67.36 20.88 116.18 101.98 112.38 80.13 111.43 60.11 56.08 126.04 55.32 95.19 127.57 120.74 107.56 96.88 107.07 66.19 124.62 164.5 119.42 59.55 88.75 111.99 8 102.88 44.69 94.09 118.23 68.35 112.29 74.65 68.54 133 134.94 66.19 46.14 111.76 67.6 104.29 38.6 145.8 125.1 91.98 114.2 77.99 60.01 46.65 74.53 56.8 92.01 57.31 73.01 68.24 112.43 115.45 82.13 129.63 100.57 46.23 41.77 56.44 91.79 28.07 111 126.19 55.46 78.77 79.76 36.88 20 61.72 53.34 113.86 73.41 111.97 45.01 131.89 117.24 118.6 82.08 135.45 62.29 137.79 83.49 107.12 65.46 47.2 73.6 121.7 53 66.75 156.2 45 37.05 125.92 56.75 73.41 105.48 123.99 51 153.68 63.32 86.65 78.43 107.94 92.66 73.35 125.48 30.41 30.46 72.01 112.04 61 140.66 144.14 51.31 40.01 31.38 25.63 87.69 79.12 93.72 98.11 72.78 96.52 94.92 160.42 129.03 41 116.73 46.1 128.8 47.68 153.22 41.73 121.79 101 158.42 141.6 26.83 147.63 53.94 137.06 64.44 79.62 89.16 138.88 14.56 
69.31 56.52 117.52 0 76.22 4 158.49 38.47 102 68.6 121.17 9.22 124.53 120.88 34.99 80.23 111.65 118.09 35.78 127.78 133.41 58.82 125.36 130.87 80.72 13.34 54.42 29.07 31.05 110.49 123.43 60.21 106.83 90.01 121.24 86.76 14.42 97.42 114.02 95.13 119.33 41.44 102.12 110.11 14.76 86.28 84.1 129.5 83.1 18.25 28.28 49.77 95.78 98.48 92.97 35.36 68.68 112.45 138.4 91.02 87.66 12.04 123.49 27.8 25.08 111.43 24.41 37.2 12.21 53.45 85.51 106.53 66.91 87.66 108.85 32.76 109.55 141.5 84.93 24.04 28 63.51 127.26 98.29 116.52 111.09 22.67 71.03 106.94 100.32 109.34 40.31 80 59.24 125.92 140.73 112.73 84.9 137.71 106.07 132.14 75.18 155.13 62.36 129.32 78.87 98.62 60.21 86.56 38.33 99.48 90.34 98.41 61.13 116.04 116.25 11.66 9.85 111.22 68.59 38 95.63 101 64.29 66.22 96.57 53.49 144.84 128.81 98.48 6.08 18.11 58.69 28.43 57.57 62.97 143.18 18.87 103.08 80.81 79.93 98.08 133.36 51.01 111.04 89.47 81.05 60.01 62.07 64.66 24.19 96.05 108.56 89.44 67.23 52.4 45.54 56.92 25 132.28 8 87.21 106.37 142.64 89.89 57.07 86.02 81.5 75.93 77.65 102.26 108.78 30 128.82 100.69 68 46.27 151.32 130.6 105.8 18.44 79.56 31.06 111.41 78.31 70.06 105.08 90.03 77.28 161.25 89.74 118.07 95.8 97.05 124.68 25 87.62 47.43 123.99 53.45 115.73 
31.83 66.19 110.39 76.22 0 72.45 97.86 38.64 106.1 16.4 66.48 84.2 51.62 69.12 54.23 13.04 120.22 107.7 56.44 62.65 86.02 95.19 55.22 64.41 39.36 62.97 94.64 70.84 53.41 35.61 86.49 75.59 59.3 31.62 83.36 62.97 62.36 28.23 65.03 36.01 101.08 34.79 102.07 35.01 66.1 38.9 11.7 56.57 89.38 81.3 92.14 93.39 49.03 90.6 16.76 41.77 8.49 53.76 67.48 52.55 55.01 72.47 80.31 55.08 60.22 35.34 92.66 42.11 66.71 61.74 15 54.2 15.23 51.89 44.92 43.86 103.81 74.43 107.07 65.03 50.61 46.4 54.45 45.1 65.03 36.01 97.58 45.28 72.12 25 59.03 36.14 90.6 49.98 50.12 78.55 37.8 34.48 93.01 71.17 77.93 54.56 96.14 65.19 75.66 42.19 23.02 18.38 31.58 49.5 28.65 64.5 70.68 76.94 50.7 126.57 64.85 76.03 68.88 32.53 73.16 73.93 105.38 96.38 67.42 20.59 94.37 74.81 92.4 26.25 81.61 92.89 34 65.95 62.65 37.36 85.87 57.97 55.44 104.1 37.12 22.2 92.35 75.61 48.01 65.51 80.66 26.83 83.63 39.82 52.63 21.02 69.86 44.01 50.33 34.48 88.84 19.31 72 78.77 79.2 90.55 119.67 91.66 13.89 68.43 30.41 35.17 101.6 80.92 116.28 118.8 72.17 71.59 33.84 13.89 79.81 89.16 65.31 50.33 68.8 73.54 47.01 75.43 18.97 82.38 43.93 110.68 11.7 99.4 49.34 44.1 83.82 37.54 82.39 72.62 47.54 47.13 60.75 46.07 99.76 
66.48 55.73 117.21 4 72.45 0 155.79 34.99 102.12 65.19 118.56 13.15 121.08 118.41 33.11 76.3 112.15 117.61 34.18 124.74 131.23 60.17 122.07 127.78 78.1 9.49 55.95 26.63 27.2 106.89 121.67 60.01 104.4 86.01 119.41 85.09 11.31 94.03 111.61 92.1 118.46 37.7 102 106.23 13.34 83.55 80.5 126.05 83 18.03 31.24 51.43 93.24 97.87 89.2 31.91 64.85 109.6 135.09 88.75 85.59 9.85 121.43 25.55 21.47 107.7 27.78 34.06 10.44 52.39 81.58 102.59 62.97 85.44 105.76 28.86 109.22 138.41 85.87 23.19 24 61.4 123.82 95.52 114.02 107.2 25.81 68.8 105.1 96.66 106.83 36.67 80.1 55.54 122.25 137.89 109.12 82.02 135.69 104.2 129.63 73.35 152.5 61.39 126.82 76.4 94.94 56.29 83.55 34.48 96.04 88.64 96.77 61 112.93 116.9 8.49 9 109.08 65.8 38.21 94.24 101.12 65.46 65.31 92.85 55.04 141.61 127.12 94.54 10.05 22.09 55.9 25.46 56.52 59.03 140.58 15.62 100.6 81.74 77.23 94.25 131.49 51.09 107.04 87.85 80.5 56.01 62.39 62.2 20.81 92.18 106.55 85.51 65.3 49.5 47.01 53.14 25.32 129.81 8.94 87.02 107.08 140.35 86.16 56.44 82.02 77.52 76.92 77.23 102.96 109.33 30.27 126.15 97.42 64.5 46.87 148.52 127.56 101.83 15.62 78.64 27.07 109.57 74.33 70.01 101.08 90.96 73.35 158.49 85.87 114.14 94.92 93.05 122.67 22.83 85.21 45.28 121.02 49.65 114.93 
89.38 112.9 97.01 158.49 97.86 155.79 0 122.8 109.9 94.67 37.54 163.36 54 38.83 124.48 106.04 120.1 92.01 124.58 35.44 34.37 139.56 46.17 34.53 77.79 147.63 142.67 164.21 146.49 69.46 52.35 117.24 52.8 118.38 51.79 79.65 144.5 69.64 46.04 65.19 80 123.15 103.95 90.01 144.26 72.25 86.16 51.16 109.11 170.24 160 145.01 62.97 92.96 88.29 125.42 105.7 46.62 39.62 69.2 74.06 160.08 44.38 130.83 151.99 76.11 163.67 122.15 146.41 112.65 102.84 134.03 113.09 72.8 53.23 132.88 97.25 27.07 130.25 137.3 140.91 96.43 52.04 60.31 42.8 90 181.07 88.62 61.1 77.67 49.68 122.64 113.84 147.83 67.48 19.31 68.26 74.03 37.05 61.47 27.78 87.66 5 106.85 30.53 79.93 79.83 114.97 73.24 144.63 69.57 76.48 71.31 117.65 47.17 125 147.32 162.61 52.33 90.03 133.22 77.83 110.03 136.17 104.81 82.98 143.13 33.53 52 99.61 161.93 169.92 99.9 159.22 109.55 135.07 16.12 140.36 56.08 130.36 78.57 89.11 44.01 125.2 119.04 78.26 101.59 124.62 123.44 94.05 135.59 93.21 56.86 133.51 94.02 106.4 143.03 111.89 141.23 28.18 164.44 106.04 125.48 25 87.36 114.06 120.03 127.88 131.87 105.48 124.9 121.26 138.06 29.7 64.08 96.75 132.92 9.06 32.98 129.03 158.81 96.25 137.57 57.87 113.05 114.63 120.04 130.05 106.9 4 139.59 94.34 88.06 119.51 44.91 164.76 71.59 111.76 37.16 143.78 83.05 
34 42.54 101.64 38.47 38.64 34.99 122.8 0 91 30.23 86.28 45.88 86.09 86.83 20 45.18 103.75 100.62 22.8 90.51 101.24 64.4 87.2 93.38 46.52 25.81 62.43 42.72 26.31 72.09 94.59 51.04 73.35 59.14 91.92 60.13 24.17 59.08 80.5 58.05 98.18 6.4 88.87 73.44 27.46 51.11 45.69 91.07 71.59 47.51 54.04 59.94 61.72 80.81 55.32 3.16 32.02 76.22 100.21 59.14 57.49 37.48 92.36 17.46 30.08 73.38 54.15 5.66 28.16 37.59 50.04 79.61 32.76 56.32 71.42 11.18 93.86 104 83.24 27.46 18.97 35.01 88.84 62.68 82.37 74.43 60.75 40.61 77.88 62.03 75.18 3.61 70.71 45.18 87.66 104.35 74.32 48.83 106.63 76.9 97.75 48.04 119.85 45.31 95.02 45.88 60.41 25.71 49.68 28.16 61.06 63.29 71.45 52.43 78.52 109.59 26.83 40.36 79.71 33.54 39.45 71.01 90.08 67.36 49.04 58.52 61.91 106.83 100.44 63.01 43.46 54.41 24.35 37.95 40.72 40.31 108.17 19.7 69.32 79.51 45.18 60.83 103.45 46.67 79.81 63.13 65.46 31.06 57.49 32.76 14.32 59.3 78.16 63.81 40 17.72 55.01 20 34.71 98.11 42.8 74.46 100.85 109.57 51.92 44.42 55.71 54.2 75.74 63.69 96.9 101.53 36.06 93.48 62.63 29.53 48.01 115.11 93.34 77.47 36.06 60.64 16.28 82.23 45.35 60.54 74.33 87.8 42.19 125.25 66.4 82.1 75.8 66.41 93.92 42.49 54.78 22.14 87.05 38.01 95.43 
74.28 49.04 19.21 102 106.1 102.12 109.9 91 0 89.94 81.74 100.32 116.11 77.41 74.46 118.93 14.21 22.67 72.03 101 75.54 49.04 109.77 104.92 69.2 99.98 54.08 125.6 114.28 115 57.56 42.43 69.38 137.44 58.22 45.79 94.89 98.27 72.01 84.6 32.2 96.66 6 132.06 89.36 72.95 101.41 118.9 19.65 120.07 84.17 58.82 69.35 18.68 114.48 90.82 106.67 85.44 118.66 60.83 55.57 111.36 66.07 82 114.54 121.94 90.03 85.8 92.35 53.76 120.92 160.11 113 59.17 92.48 100.57 13.89 111.76 25.5 79.4 106.04 60.8 117.32 76.97 75.95 132.88 118.09 60.83 52.61 111.77 73.25 94.02 22.02 136.06 128.44 102.08 116.3 76.84 73.76 52.77 85 51.62 104.94 45.69 83.02 65.44 112.07 108.17 81.27 118.27 101.36 46.07 44.92 41.3 96.77 20.62 96.63 111.11 62.65 73.59 64.01 38.28 1 43.08 42.05 113 55.03 120.35 58.69 129.73 101.12 101.43 74.63 122.18 50.33 129.38 95.19 93.56 69.57 28.02 71.22 120.42 66.71 51.04 153.52 44.29 26.08 117.99 40.05 66.84 92.65 122.15 57.71 147.8 56.22 78.03 60.64 100.4 77.01 84.01 110 16.55 16.28 85.16 110.11 47.54 135.59 138 32.25 27.31 15.03 13.42 72.01 88.28 95.29 92.85 56.14 108.12 102.59 156.4 114.98 32.65 105 54.15 123.56 32.25 149.91 22.8 116.93 113.86 152.05 141.74 25.63 143.63 65.19 123.04 64.14 68.94 96.1 128.95 28.23 
15.81 50.16 95.02 68.6 16.4 65.19 94.67 30.23 89.94 0 59.81 75.58 55.95 61.4 41.3 29 104 92.59 43.1 61.07 77.47 79.81 57.01 63.7 25.5 56.04 79.62 69.63 51.87 42.72 75.06 59.51 49.5 47.51 72.03 47.85 54.2 28.84 56.09 29.53 86.73 29 86.05 48.84 56.46 27.02 17.03 60.9 73 77.1 80.41 78.77 38.12 74.89 29.43 33.29 17.46 48.3 70 39.46 40.8 67.36 70.26 43.97 57.63 45.28 81.74 31.78 57.7 45.88 31.4 70.18 25 38.08 42.01 38.9 88.2 74.28 90.74 53.37 46.75 30 58.67 36.4 57.01 49.82 90.97 29.21 59.54 33.38 50.22 29.07 74.2 57.14 58.69 75.72 44.92 23.19 83.86 58.55 71.51 38.6 92.18 48.88 68.95 27.51 32.14 23 22.14 50.09 30.89 49.77 56.61 60.84 48.92 110.34 56.94 70.43 58.03 16.4 59.08 59.09 89.2 80.65 51.04 31 79.43 76.69 81.06 42.05 73.36 83.77 18.03 64.64 46.52 46.1 80.96 49.74 45.4 87.82 23.35 35.69 82.15 60.17 64.4 50.57 64.35 34.01 67.62 23.43 44.42 35.74 58.08 58.67 33.97 20 74.43 17.72 59.84 72.11 73.01 74.25 103.32 84.48 25.18 52.39 45.8 49.19 85.42 64.54 99.9 102.53 59.21 66.21 32.56 3.16 64.94 86.53 63.89 66.48 65.07 57.31 43.28 63.29 33.84 66.04 60.31 94.3 27.02 96.8 63.51 58.46 68.26 53.74 72.17 70.43 34.37 32.25 58.01 51.62 85.09 
52.43 76.06 73.74 121.17 66.48 118.56 37.54 86.28 81.74 59.81 0 125.87 40.31 5 86.98 77.01 94.15 69.08 87.05 20.12 20.88 104.06 31.89 23.77 40.46 110.6 106.78 128.41 110.91 48.33 30.61 81.15 15.65 92.54 28.02 43.97 107.3 40.11 10.05 30.81 57.7 87.24 75.8 70.38 106.83 35.23 55.15 41.23 76.42 133.45 122.64 108.75 25.46 63.29 61.52 88.75 73.35 13.04 37.7 31.91 37.12 123.22 20.52 93.43 115.97 56.36 126.21 85.21 109.04 75.47 75.11 111.83 81.22 35.51 23.54 96.75 71.31 30.07 98.33 99.76 104.81 58.9 40.36 23.71 6.08 70.77 143.68 51.09 29.15 52.39 12.21 86.45 80.75 115.73 55.32 22.14 48.3 37.59 28.46 29.07 11.7 50.61 33.97 70.21 9.22 42.43 54.13 81.74 37.7 109.77 41.44 41.23 38.05 81.71 21.95 99.92 110.11 125.6 19.1 53.01 95.96 45.04 81.61 101.24 68.54 56.89 107.15 38.64 34.66 75.93 124.48 132.38 62.8 123.47 72.56 103.58 22.02 103.23 18.6 97.74 41.4 64.54 30.53 88.55 98.98 43.17 67.9 92.2 87.92 56.59 98.6 68.25 24.08 107.3 56.61 69.4 106.44 77.49 103.71 12.37 127.28 74.11 98.01 25.18 59.14 77.37 93.19 100 98.48 71.39 96.52 94.54 100.6 8.06 34.13 62.3 96.18 31.38 21.19 106.96 122.33 61.61 101.6 27.89 84.02 79.81 98.23 99.05 77.1 40.61 113.22 77.83 57.04 95.52 22.63 128.63 34.06 74.25 15.81 110.86 59.24 
74.81 57.38 116.73 9.22 84.2 13.15 163.36 45.88 100.32 75.58 125.87 0 131.49 125.26 38.9 88.81 109.04 117.69 39.05 133.6 137 54.74 131.88 136.82 85.63 22.02 50.01 36.88 40.26 117.92 126.05 59.67 111.13 99.05 124.02 89.36 21.84 104.24 118.26 101.02 119.85 49.48 100.98 118.46 19.42 91.44 91.55 136.42 82.04 23.32 21.1 45.12 100.41 98.49 100.96 42.72 76.9 117.8 144.92 95.02 91.21 20.25 126.83 32.8 34.18 119.22 16.28 43.83 17.89 55.01 94.05 115.74 75.54 91.55 114.86 41.3 108.85 147.41 81.5 26.4 37.05 67.36 134.18 103.48 120.97 119.44 18.79 75.07 109.84 107.91 113.86 48.08 78.52 68.35 133.54 146 120.15 90.43 140.91 109 136.56 78.24 159.81 63.56 133.73 83.44 106.28 68.73 92.42 47.54 106.44 92.96 100.85 60.42 122.07 113.28 19.42 17.03 114.81 74.03 37.11 97.49 99.32 60.53 67.23 104.36 49.03 151.17 131.23 107.06 3.16 9 64.2 36.89 59.03 72.18 147.8 26.25 107.52 77.41 85.04 106.23 136.21 50.01 120.1 91.92 81.04 69.01 60.3 69.31 31.62 104.35 111.83 98.66 70.6 58.25 41.44 65 24.7 136.62 13.45 86.31 103.31 146.49 97.72 57.58 95.08 90.67 72.44 77.37 99.25 106.08 29.41 133.66 107.19 75.24 44.18 156.46 136.4 114.98 26.93 80.41 40 114.28 87.14 69.05 114.16 86.58 85.84 166.24 98.95 126.59 96.46 106.12 127.88 32.56 91.97 51.62 129.63 62.64 116.09 
59.67 95.26 111.51 124.53 51.62 121.08 54 86.09 116.11 55.95 40.31 131.49 0 45.25 95.52 56.08 129.62 107.19 96.77 22.36 59.64 126.14 8.94 20.88 54.04 111.83 127.48 122.38 104.8 17 70.77 103.02 47.41 65.52 68.01 71.81 110.15 27.31 47.2 35.01 96.52 84.05 110.49 36.01 112.26 48 41.23 5 106.1 132 134.71 128 47.3 97.5 37.74 89.19 60.11 31.38 16.55 56.29 62.17 122.64 60.81 99.4 111.4 22.36 136.7 87.66 113.6 92.66 51.88 80.06 66.07 58.86 23.77 93.81 107.79 27.07 127.74 108.27 101.21 73.55 2.83 39.81 44.05 36 146.81 67.12 65.37 27.2 43.91 84.6 109.49 99.32 15.26 36.67 15.23 46.17 67.12 64.88 46.65 72.11 54.23 91.02 46.04 58.01 29.41 70.01 42.43 101.12 25.06 70.6 71.31 104 19.72 135.77 112.87 125.92 56.3 60.64 110.63 77.83 115.77 125 91.02 32.45 127.57 24.17 74.97 46.32 129.29 139.56 69.26 117.46 91.27 86.28 48.08 105.68 46.62 126.15 53.15 36.77 70.43 107.56 65.07 72.53 96.69 77.62 111 68.07 100.34 40.85 60.54 80.52 74.11 74.09 124.46 69.66 114.16 48.02 128.7 105.02 132.19 59.51 38.42 97.19 67.68 75.96 125.57 99.14 129.99 129.45 112.64 39.12 25.5 56.6 114.13 45.01 23.41 75.06 119.63 89.27 97.62 65.73 62.65 105.3 66.07 129.63 57.69 54.15 86.59 40.79 90.48 65.92 62.94 123.99 54.45 84.2 25 96.61 97.42 
52.84 74.09 68.95 120.88 69.12 118.41 38.83 86.83 77.41 61.4 5 125.26 45.25 0 86.37 80.06 89.63 64.26 86.28 25.06 17.12 101.39 36.88 28.64 40.5 110.68 104.28 129.25 111.89 52.77 25.61 78.72 14.14 96.03 23.02 41.23 107.2 43.57 7.21 33.14 52.8 88.14 71.45 74.73 106.4 35.78 58 46.23 72.84 133.69 121.21 106.44 25.24 59.08 65.12 89.19 75.66 16.76 42.54 30.48 35.23 123.42 15.56 93.09 116.73 60.83 124.96 85.44 108.71 73.82 78.41 115.69 83.6 34.06 27.51 97.49 66.71 34.37 94.64 99.01 105.55 57.98 45.34 25 4.47 75.15 143.28 50.21 25 56.32 11.66 87.21 77.28 117.89 60.21 25.32 52.84 38.63 24.52 25.02 11.31 48.83 34.83 68.1 8.49 42.01 57.97 83.74 39.29 111.07 45.12 38.28 34.37 79.2 26.63 95.34 110 125.67 15.03 53.34 94.4 41.3 77.32 98.35 66.19 60.64 104.69 43.17 29.73 79.81 123.99 131.53 62.97 124.34 70.72 105.93 22.8 103.23 17.8 94.2 41.68 68.41 25.94 86.45 103.12 40.16 64.54 94.37 85.23 56.22 98.74 72.03 20.02 110.65 55.32 69.64 104.32 79.12 102.65 11.4 127.2 70.35 93.65 23.09 62.51 75.29 96.52 103.12 95.13 68.15 92.27 90.09 99.36 11.05 37.66 64.03 94.15 33.62 26 110.86 122.8 58.52 102.42 23.35 87.02 76.84 102.2 95.19 80 42.19 116.52 82.37 53.01 99.25 17.69 129.29 33.3 73.66 20.81 112.81 54.42 
36.72 25.5 87.28 34.99 54.23 33.11 124.48 20 74.46 41.3 86.98 38.9 95.52 86.37 0 63.06 86.38 87.02 2.83 95.41 98.47 44.41 94.85 98.79 46.86 27.46 42.54 52.01 39.85 83.74 88.57 32.7 72.25 78.39 86.31 52 22.8 68.31 79.4 63.13 86.58 26.4 73.16 89.09 20.25 52.8 58.31 100.3 54.82 50.29 39.29 40.31 61.52 67.01 70 18.38 49.24 79.2 107.79 56.22 52.7 40.26 88.51 8.06 40.31 86.58 41.23 14.42 22.83 21.1 67.47 99.36 51.62 52.8 77.03 26.93 79.31 109.29 64.07 13.04 31.62 28.6 98.08 64.82 82.07 90.09 57.01 36.24 72.01 74.67 74.97 23.6 53.14 63.82 99.82 107.3 85.91 52.15 102.73 71.12 97.67 40.25 120.92 30.02 94.85 44.55 73.44 44.78 54.59 44.28 70.88 55.54 63.69 34.01 84.22 91.92 25.3 41.44 76.28 35.85 19.7 61.4 73.5 47.42 34.01 72.17 42.06 113.65 94.02 80.06 37.64 45.61 26.4 48.17 25.02 60.14 108.9 20.1 68.62 60.22 46.4 76.03 98.41 27.02 98.68 54.78 50.25 51.04 38.28 30.48 18.25 75.24 73.57 83.76 32.25 21.59 35.47 37.95 18.68 97.74 42.05 58.25 82.76 107.8 66.03 26.93 75.15 74.09 56.22 47.68 78.72 83.93 18 94.79 70.38 42.05 28.02 117.69 98.18 97.05 42.19 47.04 30.87 76.48 64.26 42.72 93.41 68.8 60.17 127.4 86.4 98.33 63.2 85.62 89.69 50.09 53.08 12.73 91.26 56.61 83.29 
44.69 77.7 123.42 80.23 13.04 76.3 106.04 45.18 118.93 29 77.01 88.81 56.08 80.06 63.06 0 133 120.74 65.52 70.6 97.13 105.7 61.33 71.78 52.35 66.91 104.75 69.97 53.71 39.12 98.72 87.13 71.2 18.6 95.57 76.01 67.27 37.22 76.53 47.38 114.04 40 114.98 30.46 72.01 51.62 22.2 60.75 101.91 82.46 99.18 103.09 61.4 103.6 18.36 48.09 13.93 64.03 72.56 65.39 68 74.63 92.07 62.51 60.93 36.07 99 49.65 72.11 73.06 5.39 41.23 13.34 64.85 54.33 47.52 116.83 81.15 119.04 72.56 52.89 58.8 58.83 56.89 76.16 31.38 100.28 58.14 84.76 29.07 70.58 42.05 102.94 43.27 50.93 86.83 41.05 47.17 104.31 83.82 88.14 67.48 104.79 77.2 86.05 55.23 26.83 20.1 43.97 48.37 36.67 77.52 83.63 88.51 59.23 139.34 69.46 78.45 81.02 45.34 82.57 86.95 118.19 107.33 79.65 23.71 104.4 80.13 104.56 18.25 85.99 97.74 45.8 65.37 74.33 30.23 95.19 63.13 67.47 115.94 50.12 20.52 104.09 86.33 36.24 78.55 93.34 23.02 95.02 52.35 58.03 17.2 82.28 31.32 62.94 45.18 98.37 25.32 79.76 89.09 82.01 103.24 132.28 102.08 18.68 79.92 17.46 23.09 113.21 93.43 128.82 131.53 80.6 81.39 43.19 26.17 89.89 97.12 73.08 37.48 70.01 86.31 49.48 87.93 7.07 94.4 31.62 122.8 3 107.21 36.88 37.85 96.83 24.76 94.2 72.47 60.42 57.7 69.43 41.04 112.77 
88.39 61.33 23.77 111.65 120.22 112.15 120.1 103.75 14.21 104 94.15 109.04 129.62 89.63 86.38 133 0 28.64 83.82 113.76 86 55.33 123.03 117.63 83.41 110.86 60.41 136.57 126.19 129 68.01 53.76 82.54 151.49 69.12 59.91 105.76 112.36 84.65 98.62 40.31 109.59 19.24 146.24 99.82 87.09 115.62 132.26 32.25 129.87 91.35 65.38 83.19 32.2 128.69 103.37 120.62 98.68 131.47 74.79 69.64 121.66 77.23 93.61 125.96 136 97.33 98.41 102.77 66.21 135.06 174.16 126.82 73.25 106.1 112.92 23.09 123.97 28.64 90.03 117.99 74.65 130.74 90.79 88.53 147.05 126.1 74.95 65.25 125.92 86.33 106.89 33.24 148.92 142.23 113.75 130.25 91.02 83.29 65.52 96.42 65.8 115.11 58.67 94.64 79.65 126.25 121.83 95.44 130.55 115.43 60.03 58.31 52.5 110.14 6.4 107.28 121.06 75.19 87.69 73.98 51.89 14.87 49.25 55.23 127.2 61.4 132.77 68.18 143.93 110.16 109.17 88.41 133.41 63.06 142.69 106.04 104.81 83.01 32.39 85.43 134.63 76.24 61.39 167.71 58.31 39.82 131.47 49.82 80.81 104.36 136.36 70.34 161.64 70.18 91.53 68.07 114.04 86.83 95.34 119.6 30 7.81 95.13 124.33 59.62 149.58 151.82 37.34 40.5 10.77 3.16 81.88 100.28 109.27 106.89 65.38 119.07 115.21 170.48 125.72 46.69 117.18 66.29 137.54 43.66 164.05 24.04 130.97 124.1 165.8 155.9 39.36 157.72 76.11 133.75 78.23 81.88 108.93 141.77 37.05 
76.92 62.07 5 118.09 107.7 117.61 92.01 100.62 22.67 92.59 69.08 117.69 107.19 64.26 87.02 120.74 28.64 0 85 89.16 58.31 69.84 99.76 92.85 68.51 114.04 74.71 139.03 125.78 109.34 40.61 58.05 59.91 139.28 42.2 44.78 109.07 94.05 60.37 79.91 12.04 105.54 18.6 128.69 104.39 70.43 100.8 109.18 36.06 135.62 103.46 79.16 63.66 20.02 112.93 101.12 110.02 75.8 106.78 56.73 53.01 126.25 50.45 95.01 127.19 116.93 109.11 96.03 107.38 66 121.76 161.7 117.2 56.4 84.63 111.16 9.43 98.08 48.08 94.43 117.61 66.76 107.91 70.84 63.98 129.4 136.06 64.08 41.88 108.19 63.29 103.16 40.31 144.37 120.93 87.1 110.26 74.81 55.01 42.44 69.63 54.78 87.01 57.01 68.15 65.51 108.93 113.46 78.87 128.72 96.9 43.27 38.21 57.27 87.46 33.06 111.16 126.57 51 76.49 80.6 33.84 23.35 64.14 53.01 110.45 75.59 107.21 40.01 128.69 118.07 119.92 80.32 135.13 62.01 136.01 78.52 107 61.4 50.33 70.72 118.34 48 67.68 153.05 42.19 37.12 124.06 58.19 71.51 105.12 120.74 46.65 151.24 61.68 85.16 80.23 106.04 93.38 68.45 126.02 31.62 35.11 67.01 108.85 61.2 138.06 141.78 54.2 40.45 35.78 30.36 88.46 74.33 89.94 95.71 74.04 91.55 90.25 157.55 129.02 40.2 115.97 41.59 126.27 48.76 150.21 45.45 119.2 96.01 156.08 137.93 25 144.78 49.03 137 61.22 78.77 84.58 137.53 9.85 
37.58 23.19 85.15 35.78 56.44 34.18 124.58 22.8 72.03 43.1 87.05 39.05 96.77 86.28 2.83 65.52 83.82 85 0 96.04 98.01 41.62 95.85 99.48 47.2 29.15 39.82 54.08 42.38 85.33 87.66 30.08 72.14 81.02 85.48 50.99 24.33 69.64 79.25 63.95 84.85 29.21 70.86 91.2 21.02 53.25 60.13 101.51 52.39 51.66 37.95 37.7 61.62 65.01 72.03 21.21 51.66 79.63 108.75 55.97 52.2 41.77 87.92 10.05 42.58 88.36 40.25 17.2 23.77 19 69.86 102.08 54.23 52.5 77.83 29.68 77.16 109.93 61.29 12.73 34.18 28.32 99.3 65.22 82.02 92.2 57.43 36.07 71.2 76.42 74.97 26.4 50.6 66.61 101.43 107.62 87.48 52.84 102.08 70.33 97.59 39.45 120.93 28.02 94.76 44.69 75.24 47.42 55.46 46.96 72.28 54.56 62.65 31.38 85 89.32 26.68 42.72 75.8 36.67 17.09 60.08 71.06 44.6 32.02 74.06 39.36 114.49 93.04 82.38 38.01 45.34 27.51 50.36 23.02 62.97 108.9 22 68.59 57.43 46.87 78.1 97.62 24.21 101.24 53.71 48.09 53.82 35.51 30.81 20.62 77.41 72.95 86.53 31.62 23.19 32.89 40.5 17.46 97.62 43.08 55.9 80.11 107.45 68 24.52 77.82 76.85 53.41 45.4 76.06 81.34 16.12 94.92 71.51 44 25.24 117.92 98.79 99.73 44.05 45.18 33.54 75.66 66.85 40.16 96.01 66.04 62.64 127.56 89.2 100.5 61.4 88.24 89.04 52.01 53.04 13.04 91.81 59.41 81.5 
58.82 89.19 93.78 127.78 62.65 124.74 35.44 90.51 101 61.07 20.12 133.6 22.36 25.06 95.41 70.6 113.76 89.16 96.04 0 37.64 118.88 13.42 4 49.19 116.04 121.04 130.6 112.8 35.06 50.48 95.57 32.06 83.38 48.02 60.13 113.45 34.44 29.12 32.65 77.82 90.03 95.13 56.72 114.2 42.94 50.99 22.02 94.01 137.93 133.3 122.41 37.11 82.38 52.95 93.35 70.66 17.46 17.72 45.71 51.62 127.99 40.22 100.8 118.7 42.43 136.19 90.69 116.04 87.66 67.47 100.24 77.88 49.03 19.1 99.9 91.09 13.89 116 108.45 107.81 69.35 21.63 31.38 25.3 56.89 150.45 61.85 48.51 42.43 28.07 89.87 98.02 112.54 37.59 16.28 34.23 43.27 45 48.27 24.41 64.03 34.37 83.93 24.08 52.39 44.55 80.13 41.23 110.39 34.18 58.01 56.44 96.32 12.21 119.64 116.28 130.83 38.6 59.64 107.42 63.39 100.81 116.73 82.98 47.68 121.3 20.1 54.04 65.01 131.82 140.91 69.4 125.6 85.38 99.72 26.31 109.12 33.06 115.04 49.24 54.15 48.8 101.83 85.99 60.01 85.02 89.47 102.96 65.37 104.06 58.22 43.42 98.51 68.35 75.43 119.54 77.67 113.37 25.81 133.06 92.14 117.28 37.16 51.92 90.8 84.85 92.57 115.28 88.14 115.57 114 110.94 17.03 29.15 62.8 109.11 26.57 2.83 95.26 126.06 78.16 104.35 47.76 77.62 95.75 86.28 117.15 71.47 36.77 104.58 62.64 75.8 85.01 42.2 131.5 45.88 83.01 5 108.69 79.31 
67.42 82.81 63.29 133.41 86.02 131.23 34.37 101.24 75.54 77.47 20.88 137 59.64 17.12 98.47 97.13 86 58.31 98.01 37.64 0 107.19 50.8 40.31 54.78 124.04 110.68 143.92 126.87 69.08 18.03 85.8 28.16 113.14 17.46 48.84 120.22 60.67 21.38 50.01 46.27 103.12 69.58 91.18 118.71 50.96 75.03 59.67 75.39 147.25 130.83 113.46 39.85 58.69 82.2 103.37 92.35 33.73 53.26 42.54 45.8 136.95 10.82 105.69 131.31 77.08 135.07 99.28 121.2 83.45 95.52 132.67 100.32 45.79 44.38 112.16 63.03 42.19 96.17 110.6 120.15 69.89 59.2 41.3 21 91.55 155.43 62.43 28.6 73.25 27.29 101.95 80.23 134.35 74.89 29.97 68.94 54.34 7.62 29.21 13.45 58.9 29.43 76.49 13.6 55.46 74.95 100.13 55.58 126.53 62.17 45.34 38.83 86.02 42.54 91.09 122.97 138.92 22.2 67.78 103.95 44.78 75.66 103.35 73.88 77.67 111.22 51.62 18.68 96.77 136.01 142.64 76.97 139.09 79.91 122.59 20.22 116.47 32.28 96.46 56.3 85.38 11.66 94.49 119.85 46.86 68.43 110.89 91.27 69.35 112.29 89.05 25.46 127.77 66.4 83.67 112 95.13 113.45 12.04 140.13 72.11 91.2 10.3 79.63 83.63 113.64 120.2 98.23 72.47 90.55 87.05 109.71 20.62 54.74 80.23 102.3 33.24 37.48 127.82 136.85 63.81 117.18 24.7 104.08 81.99 119.1 95.8 97.02 38.33 133.63 98.41 54.08 116.3 10.77 143.67 46.52 85.98 34.67 129.07 49.04 
68.47 31.02 67.54 58.82 95.19 60.17 139.56 64.4 49.04 79.81 104.06 54.74 126.14 101.39 44.41 105.7 55.33 69.84 41.62 118.88 107.19 0 122.8 122.78 72.11 61.4 5.1 86.33 80 118.34 91.61 23.35 88.54 122.12 90.7 60.17 56.6 101.12 94.34 91.14 75.6 70.8 51.43 128.55 49.74 78.23 96.1 130.31 34.83 76.92 36.06 10.05 81.79 53.91 109.14 62.63 91.79 101.41 134.65 73.25 67.45 70.01 96.38 48.8 77.7 123.04 42.05 58.82 52.35 34.37 109.56 143.54 95.29 69.86 103.7 70.01 60.42 132.19 27 41.4 72.47 53.08 128.25 88.12 98.08 129.52 71.01 59.03 78.77 111.16 92.35 68.01 30 106.83 134.18 126.19 120.27 80.02 108.47 78.29 111.89 54.92 135.06 35.23 109.25 68.18 110.48 88.68 84 85.91 104.17 63.16 68.48 22.56 110.17 59.01 57.31 68.62 87.24 67.48 25.46 62.43 48.1 6.08 35.9 110.02 6.08 138.85 95.27 121.43 56.29 54 61.85 84.12 35.01 104.35 123.48 57.2 86.4 23.02 73.03 115.45 102.2 19.65 141.85 61.33 39.2 95.44 16.16 59.3 58.8 115.52 82.73 128.14 52.04 60.75 13.34 81.41 35.85 111.4 66.48 39.2 49.01 117.48 104.79 29 119.08 118.43 18.03 35 45.04 52.24 31.62 112.01 101 81.61 16.4 135 121.28 141.03 75.15 43.42 72.92 82.49 107.78 25.24 136.85 32.02 102.96 143.18 130.8 138.25 55.23 129.25 96.57 82.86 73.16 48.1 114 99.72 71.4 
58.31 92.23 104.2 125.36 55.22 122.07 46.17 87.2 109.77 57.01 31.89 131.88 8.94 36.88 94.85 61.33 123.03 99.76 95.85 13.42 50.8 122.8 0 12.17 50.99 113 124.46 125.26 107.52 23.35 62.48 99.5 40.5 72.37 59.82 66.48 110.94 28.32 39.45 32.28 88.84 85.8 104.04 44.1 112.51 44.72 44.05 9.43 100.84 133.96 133.7 125.32 42.11 91.09 43.08 90.21 63.6 24.35 13.04 51.16 57.14 124.33 52.4 99.36 113.85 30 136.06 88.2 114.06 90.03 57.58 88.01 70.18 54.04 19.1 95.67 100.85 19.92 122.69 107.79 103.32 71.06 8.49 35 36.06 44.18 147.87 64.13 58.18 32.31 36.77 86.05 104.48 104.24 24.19 28.16 22.09 43.68 58.25 57.78 37.74 68.12 46.01 87.57 37.2 54.74 34.54 73.41 40.5 104.35 26.91 64.94 64.85 100.4 13.15 129.1 113.72 127.44 48.76 59.24 108.81 71.57 109.48 121.26 87.21 37.7 124.62 19.8 66.48 53.46 129.85 139.67 68.45 120.28 88.28 91.24 39.29 106.51 40.26 121.33 50.45 43.17 61.72 104.74 73.33 66.91 91.55 81.84 107.3 66.1 101.26 47.3 53.23 87.48 71.02 73.82 122.02 72.14 113.32 39.12 130 99.46 125.96 50.57 42.94 94.05 74.22 82.28 121.07 94.26 123.94 123.02 111.43 30.23 24.7 58.14 111.61 37.12 14.56 83.01 121.75 84.29 99.76 58.18 68.15 101 74.01 124.31 62.61 46.69 93.56 49.48 84.2 73.33 54.49 126.57 50.01 83.01 16.28 101.02 89.94 
62.13 93.01 97.5 130.87 64.41 127.78 34.53 93.38 104.92 63.7 23.77 136.82 20.88 28.64 98.79 71.78 117.63 92.85 99.48 4 40.31 122.78 12.17 0 52.8 119 124.91 133.06 115.26 35.06 53.85 99.46 36.06 83.86 51.48 64.12 116.52 36.36 32.98 35.81 81.44 92.7 99.04 56.22 117.41 46.52 52.84 19.72 98.01 140.72 136.85 126.24 41 86.31 53.85 96.26 72.56 21.38 13.93 49.65 55.58 130.83 43.57 104.04 121.26 42.05 139.67 93.72 119.2 91.42 68.41 100.04 79.61 52.95 22.02 102.59 94.92 10.63 120 111.83 110.45 73.01 19.7 35.11 29.12 56.32 153.53 65.55 52.39 43.17 32.06 92.63 102.02 114.13 35.85 16.03 34 46.65 47.51 52.17 26.91 67.91 34.01 87.8 26.91 56.08 45.35 82.15 44.41 112.65 35.78 62.01 60.41 100.22 14.87 123.49 119.33 133.73 42.45 62.97 111.09 67.36 104.74 120.67 86.88 48.51 125.16 16.12 57.2 65.19 135 144.22 72.67 128.06 89.19 101.24 27.2 112.16 37.05 119.04 52.77 54.59 51.66 105.65 85.48 64.01 89.02 91.24 106.89 68.88 107.06 58.69 47.3 98.99 72.11 78.6 123.33 80 116.85 28.32 136.03 96.13 121.2 38.95 53.14 94.64 85.51 93.39 119.27 92.14 119.52 117.9 114.49 19.85 31.4 65.3 112.89 25.5 2.83 95.05 128.76 82.15 106.96 51.55 78.75 99.72 86.05 121.15 72.8 35.44 105.08 61.61 79.76 85.15 45.49 134.06 49.73 86.45 9 110.48 83.01 
12.65 41.3 71.4 80.72 39.36 78.1 77.79 46.52 69.2 25.5 40.46 85.63 54.04 40.5 46.86 52.35 83.41 68.51 47.2 49.19 54.78 72.11 50.99 52.8 0 70.21 73.55 89.16 72.11 47.8 50.04 49 26.83 70.83 47.1 24.08 66.84 30.36 34 19.03 61.74 48.38 64.54 62.97 66.47 6.32 32.56 58.22 55.04 93.19 84.12 74.33 15.26 52.33 45.34 48.76 42.72 32.45 63.32 14.04 15.65 82.93 46.32 53.04 76.56 53.85 87.13 44.94 68.62 39.05 53.25 93.19 50.45 12.65 32.02 57.38 65.19 63.06 75.58 59.82 65.39 20.25 56.14 18.03 36.06 63.81 103.28 13.15 34.13 42.94 28.84 47.17 57.58 82.01 62.97 60.44 49.48 8.25 60.44 33.14 51.61 18.97 74.41 37 48.83 4.12 43.05 48.26 12.65 72.03 33.53 25.24 31.38 50.01 38.9 89.81 69.66 85.21 33.73 13 58.31 34.67 68.6 71.03 37.22 43.83 73.68 68.35 56.04 60.81 84.15 92.46 22.47 84.31 37.34 71.45 62.48 62.8 22.83 73.5 2.24 51.22 57.87 53.76 84.96 26.4 45.62 59.3 57.04 16.4 58.25 53.08 33.06 83.26 20.1 29.15 71.06 42 64.35 51.87 86.83 55.07 84.06 63.06 41.04 43.19 69.77 74.09 72.37 47.17 81.12 82.42 61.77 48.1 29.15 28.64 60.64 70.84 51.88 89.05 82.37 38.01 62.39 38.01 58.18 51.97 81.84 78.19 50.99 80.62 88.39 72.72 45.28 76.28 48.05 89 9 34.21 44.78 76.06 60.42 
58.26 52 114.02 13.34 62.97 9.49 147.63 25.81 99.98 56.04 110.6 22.02 111.83 110.68 27.46 66.91 110.86 114.04 29.15 116.04 124.04 61.4 113 119 70.21 0 57.69 25.71 20.25 97.49 115.32 57.56 96.8 77.1 112.92 79.06 5.1 84.88 104.01 83.45 113.99 28.23 99.32 96.77 11.66 75.43 71.12 116.81 80.5 23.26 37.12 53.6 85.45 94.09 79.71 22.8 55.36 101.24 126.02 81.49 78.72 13 114.49 19.42 16.4 98.23 34.79 25.5 9.22 48.09 72.18 94.37 53.6 78.29 97 19.42 106.02 129.63 85.8 20.88 15.3 54.63 114.59 87.32 106.25 97.74 34.99 61.72 98.62 87.24 99.05 27.29 78.09 48.88 112.81 129.5 99.73 73.66 128.8 97.69 121.83 67.07 144.46 57.14 119.04 68.8 85.49 46.87 74.95 27.29 86.82 82.54 90.76 58.69 104.14 115.95 4.24 15 102 57.63 37.34 88.77 98.99 66.19 61.13 83.38 56.86 132.61 120.9 85.16 19.1 31.02 47.8 22.85 52.15 50.96 132.61 7.62 92.91 81.71 69.2 84.77 124.89 49.48 98.18 81.91 77 47.04 61.13 54.71 12.04 82.71 99.74 77.37 58.87 41.23 48.83 43.66 25.55 122.07 17.03 84.29 106.32 132.92 76.69 53.04 73.17 69.05 77.08 74.06 102.2 108.17 29.97 118.07 88.41 55.23 46.62 140.19 118.87 93.38 15.03 74.33 18.03 103.08 65.12 67.74 92.27 90.82 63.95 150.23 78.11 104.74 90.55 84.21 115.83 23.09 77.7 38.63 112.43 42.49 110.65 
69.07 32.25 72.5 54.42 94.64 55.95 142.67 62.43 54.08 79.62 106.78 50.01 127.48 104.28 42.54 104.75 60.41 74.71 39.82 121.04 110.68 5.1 124.46 124.91 73.55 57.69 0 82.3 76.69 119.07 95.43 25.63 91.18 120.77 94.4 63.07 53.01 102 97.17 92.54 80.21 68.8 56.36 128.46 46.04 79.76 96.18 131.75 39.41 72.42 31.02 5 83.93 58.41 109.04 60.46 90.82 103.58 136.5 75.58 69.89 65.8 99.86 46.23 74.06 123.49 37.01 56.94 48.55 35 108.78 141.9 93.94 72.12 105.38 67.36 65.3 134.48 32.02 38.21 69.35 54.04 129.65 90.03 100.85 129.44 66.03 60.41 82.15 111.54 94.92 66.04 34.67 103.95 135.01 128.88 121.04 81.3 112.2 81.63 114.93 57.01 138.24 37.11 112.26 69.72 110.77 87.21 85.15 82.81 105 66.19 71.87 25.08 111.99 64.03 53.54 64.26 90.35 68.07 23.02 66.03 53.14 11.18 38.28 110.17 1 140.92 99.25 120.88 51.66 49.01 61.81 80.26 36.22 102 126.56 53.91 88.87 28.07 74.33 115.32 106.04 20 140.77 64.41 43.19 93.49 19.42 60.01 55.87 115.21 85.96 126.25 53.46 60.17 8.94 80.11 32.2 114.49 61.98 43.83 54.04 120.95 104.74 30.41 117.62 116.62 23.09 38.95 50.09 57.31 28.32 114.77 102.18 81.25 14.87 137.88 123.49 139.54 71.12 46.87 70.01 85.98 106.51 29.07 135.65 37 101.95 146.24 128.71 138.08 59.4 127.95 100.12 78.72 75.19 47.54 116.21 96.9 76.03 
76.56 77.23 139.23 29.07 70.84 26.63 164.21 42.72 125.6 69.63 128.41 36.88 122.38 129.25 52.01 69.97 136.57 139.03 54.08 130.6 143.92 86.33 125.26 133.06 89.16 25.71 82.3 0 17.8 106.4 137.09 83.19 115.95 74.04 134.48 101.79 30.81 97.08 123.07 99.02 138.29 41.18 124.79 100.24 37 93.47 81.32 127.35 106.07 16.49 57.31 77.9 104.28 119.02 86.4 40.8 62.37 117.66 137.9 101.84 100 17.03 135.07 44.05 12.65 105.21 53.08 45.35 34.18 73.06 75.29 86.09 57.43 98.98 111.61 31.78 131.24 143.53 111.33 46.57 23.77 76.69 125.21 104.71 124.78 101.12 36.67 82.97 120.33 95.78 117.63 42.05 103.75 36 120.21 145.34 108.58 90.82 149.35 119.37 140 89.63 161.55 82.02 137.31 88.6 93.72 52.5 91.07 21.63 98.35 105.12 113.36 84.34 118.41 141.65 29.41 19.85 122.43 76.16 62.94 112.15 124.62 91.39 86.02 91.05 81.41 145.04 142.87 87.21 33.97 44.1 67.07 5 77.03 44.38 150.08 32.14 111.89 107.22 87.73 90.14 146.1 75.19 93.94 104.74 102.18 47.01 86.83 75.29 34.06 87.13 120.81 69.26 81.39 60.41 73.36 53.15 50.7 140.43 23.6 109.77 132 152.12 84.5 78.41 69.92 63.35 102.53 99.41 127.88 133.88 55.36 135.33 101.67 67.8 72.11 156.16 133.41 86.47 11.18 99.01 26.83 124.72 65.74 93.38 87.86 116.38 67.42 166.41 68 106.51 115.07 80.28 136.62 4.47 97.5 61.52 127.64 32.56 135.13 
59.46 65.25 126.44 31.05 53.41 27.2 146.49 26.31 114.28 51.87 110.91 40.26 104.8 111.89 39.85 53.71 126.19 125.78 42.38 112.8 126.87 80 107.52 115.26 72.11 20.25 76.69 17.8 0 89.02 120.83 72.45 98.79 60.41 118.13 86.37 24.08 79.31 105.85 81.3 124.02 23.77 112.81 84.17 31.14 76.16 63.66 109.79 94.64 28.79 57.31 72.92 87.09 105.8 69.34 25.02 45 99.98 120.21 85.16 83.74 22.02 118.3 32.7 7.28 88.2 54.63 30 29.21 60.64 59.09 75.66 40.71 82.46 93.81 15.13 118.53 125.73 102.88 38.6 8.25 61.2 107.63 87.21 107.42 85.09 47.52 66.91 104.14 78.41 100.32 25 92.97 28.65 103.17 127.58 91.21 73.35 132.5 103.16 122.54 74.24 143.89 69.23 119.87 71.84 76.4 35.23 73.43 7.28 80.62 89.56 97.74 73.74 100.6 131.67 24.41 26.02 105.65 59.14 54.92 97.13 113.32 84.31 73.16 73.82 75.93 127.31 126.7 71.51 37.11 49.03 50.45 12.81 64.33 32.14 132.48 22.8 94.7 98.88 70.58 73.43 129.54 65.74 81.15 89.36 89.63 31.32 77.39 59.03 21.93 70.66 104.29 58.55 66.12 43.93 68.01 35.38 44.6 123 30 97.98 122.38 134.85 67.2 66.76 56.32 51.01 94.51 87.32 118.31 123.71 48.41 117.72 83.87 50 64.35 138.4 115.6 75.17 16.49 85.59 10.05 108.47 50.29 82.54 75.11 107.78 50.99 148.66 58.69 91.08 101.24 67.19 119.92 19.21 80.65 47.1 109.86 22.47 121.1 
50.01 87.37 113.23 110.49 35.61 106.89 69.46 72.09 115 42.72 48.33 117.92 17 52.77 83.74 39.12 129 109.34 85.33 35.06 69.08 118.34 23.35 35.06 47.8 97.49 119.07 106.4 89.02 0 76.84 95.89 50.25 49.03 73.82 69.32 96.25 17.46 52.43 30.41 99.72 69.35 109.77 22.14 99.02 42.72 26.4 21.63 102.53 116.76 123 119 46.04 96.9 20.81 75.24 44.05 36.36 33.54 54.2 59.48 107.7 67.74 86.68 95.8 8.06 124.45 74.33 100.09 84.1 34.89 65.19 49.52 55.9 25.81 78.89 108.47 43.17 123.37 96.05 85.98 65.28 19.72 38.6 50.25 22.47 132.41 60.02 67.9 10.63 47.63 70.21 105.3 82.38 16.12 51.01 2.24 39.56 76.69 67.21 57.28 66.76 69.07 84.01 55.97 51.92 12.73 53.91 35.17 84.96 14.32 68.96 71.61 97.02 26.57 135.33 98.9 111.14 60.31 51.01 100.4 77.39 114.53 117.96 84.72 15.62 119.04 41.15 81.84 30.15 115.55 126.29 58.31 101.53 83.38 69.34 61.29 91.79 48.1 121.3 46.32 19.92 78.71 99.08 51.2 70.71 93.05 60.96 104.09 59.08 86.41 24.04 63.66 64.13 66.91 62.17 115.07 54.38 102.39 58.52 114.13 102.16 130.59 71.06 21.93 89.45 50.96 59.14 120.07 94.87 127.95 128.41 101.43 49.73 19.72 42.72 105 60.41 37 60.21 104.29 85.44 82.38 69.35 45.65 99.69 51.24 125.87 40.8 70.04 70.21 29.68 89.69 50.09 69.97 108.23 50.99 73.44 35.69 79.81 99.9 
62.29 69.81 45.54 123.43 86.49 121.67 52.35 94.59 57.56 75.06 30.61 126.05 70.77 25.61 88.57 98.72 68.01 40.61 87.66 50.48 18.03 91.61 62.48 53.85 50.04 115.32 95.43 137.09 120.83 76.84 0 71.42 27.86 116.09 3.16 36.72 111.09 64.88 24.41 51.87 28.64 97.49 51.62 98.27 108.67 48.17 76.66 71.84 58.59 138.54 117.8 98.6 37.48 41.11 86.16 96.3 91.55 40.61 67.6 36.12 37.11 128.32 10.3 96.25 124.45 84.88 122.44 91.76 111.36 71.28 98.08 137.06 99.5 38.47 51.04 105.76 45.01 57.94 78.77 99.85 113.51 60.75 70.94 42.06 26.91 98.79 144.75 54.12 16.76 78.71 29.53 95.9 63.53 132 85.56 46.57 77.2 52.35 17 17.72 29.12 48.33 47.38 63.41 27.86 49.37 80.06 98.05 54.92 121.49 67.08 33.12 25.24 71.45 51.66 73.17 113.72 129.87 17.72 62.39 91.21 29.7 57.71 87.37 60.31 82.35 96.05 67.23 6 101.64 125.4 130.92 70.41 132.44 67.42 121.15 38.05 107.7 31.32 79.31 52.01 90.38 10.63 80.66 125.67 34.13 52.43 109.07 76.06 61.85 104.06 93.62 17 130 56.46 76.9 97.62 92.02 101.79 27.89 130.61 55.04 73.17 27.66 82.87 70.29 115.95 121.6 81.39 56.61 72.56 69.03 97.65 34.44 59.48 78.1 88.41 51.09 51.11 132.4 129.03 48.84 110.86 12.37 105.32 66.4 124.08 78.16 98.06 56.32 135.59 106.51 37.12 120.21 8.54 136.31 41.05 76.69 46.4 126.1 31.14 
46.57 9.43 57.31 60.21 75.59 60.01 117.24 51.04 42.43 59.51 81.15 59.67 103.02 78.72 32.7 87.13 53.76 58.05 30.08 95.57 85.8 23.35 99.5 99.46 49 57.56 25.63 83.19 72.45 95.89 71.42 0 65.55 104.62 70.09 37.59 52.47 78.52 71.59 68.01 60.54 57.2 42 107.52 47.04 55.04 74.95 107.12 23.02 78.03 47.17 27.78 58.46 38.9 88.26 50.25 73.5 78.1 111.31 50 44.27 69.07 75 39.85 72.28 101 52.35 45.49 50.04 14.21 90.43 126.82 78.24 46.57 80.4 59.48 49.37 108.93 32.53 37.05 64.26 30.81 105.08 64.78 75.24 108.47 78.16 36.06 57.2 89.27 69.29 54.41 20.62 96.04 111.54 103.25 97.74 57.04 87.86 56.61 89.47 31.58 112.87 12 86.77 45.01 88.77 72.25 61.13 76.97 81.61 40.82 47.01 1.41 86.83 59.24 54.23 69.01 65 45.61 22.56 41.73 41.44 22.09 12.65 88.6 26 115.52 75.74 101.55 60.02 62.39 41.59 79.83 13 91.05 101.12 51.2 63.25 29.07 50.04 94.58 82.04 9.85 123.31 39.12 21.54 80.66 8.25 37.36 50.6 95.08 60.75 112.54 29.07 42.2 26.25 64.54 35.36 89.07 68.18 27.02 50.09 96.02 83.82 7.21 102 102.65 26.08 17.72 46.07 51.26 30.41 89.16 78.06 61.72 17.2 112.31 97.98 123.81 72.56 22.67 63.56 61.22 90.21 10.2 118.73 36.88 84.6 120.77 115.97 117.32 37.59 111.5 75.43 80.62 49.82 30.41 90.71 88.84 56.65 
39.4 60.42 64.14 106.83 59.3 104.4 52.8 73.35 69.38 49.5 15.65 111.13 47.41 14.14 72.25 71.2 82.54 59.91 72.14 32.06 28.16 88.54 40.5 36.06 26.83 96.8 91.18 115.95 98.79 50.25 27.86 65.55 0 88.32 24.7 28.64 93.23 37.12 7.21 24.04 49.68 75.03 63.6 71.03 92.31 22.8 49.03 49.77 62.01 119.89 107.2 93.11 11.7 50.7 58.31 75.59 65 16.16 49.5 16.4 21.47 109.6 21.02 79.03 103.37 58.14 110.89 71.69 94.64 59.91 70.34 109.2 73 20 24.84 84.17 60.42 44.28 84.01 84.86 92.2 43.84 48.33 14.32 10 71.61 129.19 36.07 18.03 51.11 4 73.93 66.12 106.57 61.03 37.7 50.91 26.31 34.37 17.49 25.46 34.99 48.92 54.56 22.63 28.02 52.35 72.34 28 98.37 39.45 26.17 24.52 66.13 27.73 88.6 96.02 111.77 10.3 39.81 80.45 31.4 69.12 85.87 52.92 54.56 91.55 52 33.53 73.82 109.88 117.39 49.24 111.09 56.94 95.08 36.88 89.31 4.12 83.15 28.23 62.61 33.06 72.9 97.95 28.16 53.15 83.22 72.42 42.2 84.91 65.8 13.45 102.39 41.23 55.95 90.79 67.08 88.53 25.5 113.23 60.07 85.62 36.24 55.03 61.72 88.29 94.2 83.6 56.44 83.74 82.57 85.28 23.71 31.91 52.35 80.53 47.01 34 104.55 109.18 46.53 89.16 19.1 77.93 64.54 96.25 85.09 70.71 56.04 108.06 79.65 43.93 92.36 23.09 115.83 19.21 59.55 27.07 101.12 50.22 
